20231024   2513000   39.2660    97.2960     10.000   2.4    0.00    0.00   0.00          3
20231024   3571670   39.1980    97.3520     15.000   2.1    0.00    0.00   0.00          4
20231024  11321380   39.3730    97.2940     15.000   5.3    0.00    0.00   0.00          6
20231024  11423760   39.2430    97.2590     15.000   2.8    0.00    0.00   0.00          7
20231024  11441880   39.3730    97.3170     30.000   2.8    0.00    0.00   0.00          8
20231024  11481740   39.2310    97.2920     15.000   2.1    0.00    0.00   0.00          9
20231024  11494420   39.2330    97.3240     15.000   1.9    0.00    0.00   0.00         10
20231024  11515630   39.2010    97.2920     15.000   2.0    0.00    0.00   0.00         11
20231024  11593440   39.2650    97.3460     12.000   2.3    0.00    0.00   0.00         12
20231024  12030500   39.3080    97.3670     36.000   1.9    0.00    0.00   0.00         13
20231024  12034290   39.1650    97.2980     15.000   2.2    0.00    0.00   0.00         14
20231024  12042210   39.2250    97.3100     15.000   2.5    0.00    0.00   0.00         15
20231024  12054590   39.2790    97.2470     15.000   2.0    0.00    0.00   0.00         16
20231024  12124530   39.2260    97.2870     15.000   2.5    0.00    0.00   0.00         18
20231024  12240290   39.2000    97.3120     14.000   1.9    0.00    0.00   0.00         19
20231024  12353320   39.2770    97.2570     12.000   2.6    0.00    0.00   0.00         20
20231024  12485880   39.2560    97.2650     12.000   1.8    0.00    0.00   0.00         21
20231024  12540460   39.3380    97.1890     10.000   1.6    0.00    0.00   0.00         22
20231024  12571520   39.2240    97.2760     14.000   3.6    0.00    0.00   0.00         23
20231024  13052610   39.3200    97.2840     15.000   1.6    0.00    0.00   0.00         24
20231024  13155300   39.2740    97.2670     25.000   2.3    0.00    0.00   0.00         26
20231024  13210900   39.3210    97.2960     24.000   2.0    0.00    0.00   0.00         27
20231024  13240780   39.2970    97.3340     15.000   1.6    0.00    0.00   0.00         28
20231024  13274940   39.1990    97.3310     15.000   1.6    0.00    0.00   0.00         29
20231024  13293440   39.2940    97.2930     12.000   2.1    0.00    0.00   0.00         30
20231024  13433090   39.2630    97.2800     11.000   1.5    0.00    0.00   0.00         31
20231024  13461920   39.2860    97.2800     24.000   2.2    0.00    0.00   0.00         32
20231024  14033250   39.2690    97.2690     31.000   1.9    0.00    0.00   0.00         33
20231024  14094150   39.3220    97.3300     11.000   1.8    0.00    0.00   0.00         34
20231024  14133260   39.2590    97.3440      6.000   2.0    0.00    0.00   0.00         35
20231024  14350660   39.3640    97.4200      8.000   1.2    0.00    0.00   0.00         36
20231024  14480030   39.1870    97.3800     15.000   1.5    0.00    0.00   0.00         37
20231024  14525730   39.2070    97.3080     11.000   2.7    0.00    0.00   0.00         38
20231024  14545430   39.1990    97.3270     15.000   2.3    0.00    0.00   0.00         39
20231024  15124670   39.1600    97.3670     26.000   1.1    0.00    0.00   0.00         41
20231024  15402580   39.2380    97.3630     15.000   1.5    0.00    0.00   0.00         42
20231024  15495370   39.2820    97.2730     15.000   3.2    0.00    0.00   0.00         43
20231024  16353680   39.2400    97.3520     15.000   1.6    0.00    0.00   0.00         44
20231024  16462710   39.2780    97.3590     18.000   1.6    0.00    0.00   0.00         45
20231024  16560690   39.2640    97.2580     12.000   3.1    0.00    0.00   0.00         46
20231024  17081580   39.2730    97.3590     13.000   2.3    0.00    0.00   0.00         47
20231024  17260900   39.2440    97.3320     15.000   1.6    0.00    0.00   0.00         48
20231024  17334100   39.2490    97.3140     12.000   2.6    0.00    0.00   0.00         49
20231024  17430460   39.2130    97.2700     11.000   1.5    0.00    0.00   0.00         50
20231024  17591030   39.2010    97.3970     12.000   1.6    0.00    0.00   0.00         51
20231024  18270470   39.1240    97.3580     12.000   1.7    0.00    0.00   0.00         52
20231024  18432040   39.2820    97.3040     25.000   2.1    0.00    0.00   0.00         53
20231024  18442770   39.3510    97.4140     13.000   1.7    0.00    0.00   0.00         54
20231024  19145660   39.3340    97.3030     20.000   2.0    0.00    0.00   0.00         55
20231024  19214090   39.3100    97.3290     13.000   1.8    0.00    0.00   0.00         56
20231024  19283280   39.2000    97.3350     12.000   1.3    0.00    0.00   0.00         57
20231024  19291760   39.2850    97.3230     22.000   1.7    0.00    0.00   0.00         58
20231024  19335950   39.4140    97.2320     14.000   3.6    0.00    0.00   0.00         59
20231024  19363730   39.2640    97.2910     24.000   3.2    0.00    0.00   0.00         60
20231024  19473980   39.2460    97.3020     11.000   1.1    0.00    0.00   0.00         61
20231024  19540880   39.1950    97.2480     11.000   1.2    0.00    0.00   0.00         62
20231024  20522630   39.2600    97.2840     12.000   2.5    0.00    0.00   0.00         63
20231024  20525090   39.2320    97.3170     14.000   3.5    0.00    0.00   0.00         64
20231024  21270660   39.3160    97.3100     12.000   1.8    0.00    0.00   0.00         65
20231024  21450830   39.2030    97.2960     10.000   1.1    0.00    0.00   0.00         66
20231024  21511400   39.2230    97.2720     15.000   1.7    0.00    0.00   0.00         67
20231024  22344280   39.3320    97.3240     12.000   1.5    0.00    0.00   0.00         68
20231024  22394730   39.4090    97.3280     25.000   1.6    0.00    0.00   0.00         69
20231024  22571910   39.2200    97.3380     15.000   1.4    0.00    0.00   0.00         70
20231024  23191680   39.3500    97.2810     29.000   2.5    0.00    0.00   0.00         71
20231025    282610   39.2670    97.2750     18.000   3.4    0.00    0.00   0.00         72
20231025    435700   39.2220    97.2520     12.000   1.9    0.00    0.00   0.00         73
20231025    572760   39.3800    97.2690     11.000   2.6    0.00    0.00   0.00         74
20231025   1131720   39.2580    97.3040     15.000   2.7    0.00    0.00   0.00         75
20231025   1441000   39.2370    97.3320     15.000   2.4    0.00    0.00   0.00         76
20231025   1550330   39.3390    97.3080     10.000   1.8    0.00    0.00   0.00         77
20231025   2041210   39.1890    97.3440     15.000   1.5    0.00    0.00   0.00         78
20231025   2352500   39.2390    97.3110     11.000   1.4    0.00    0.00   0.00         79
20231025   2381220   39.2840    97.3040     10.000   1.7    0.00    0.00   0.00         80
20231025   2430960   39.2310    97.2780     11.000   1.5    0.00    0.00   0.00         81
20231025   4414430   39.1850    97.2640     15.000   1.8    0.00    0.00   0.00         82
20231025   5033680   39.1870    97.2710      9.000   2.0    0.00    0.00   0.00         83
20231025   5102360   39.2250    97.3120     15.000   1.6    0.00    0.00   0.00         84
20231025   5120070   39.2990    97.2430     14.000   2.4    0.00    0.00   0.00         85
20231025   5554190   39.2440    97.2770     11.000   2.2    0.00    0.00   0.00         86
20231025   6394520   39.3120    97.3050     11.000   1.6    0.00    0.00   0.00         87
20231025   6572450   39.2330    97.3140     14.000   3.0    0.00    0.00   0.00         88
20231025   7053370   39.2540    97.3400     12.000   1.3    0.00    0.00   0.00         89
20231025   7282730   39.2930    97.3450     10.000   2.2    0.00    0.00   0.00         90
20231025   7381460   39.2870    97.1890     11.000   1.5    0.00    0.00   0.00         91
20231025   8133660   39.3030    97.3330     19.000   2.9    0.00    0.00   0.00         92
20231025   9510150   39.1420    97.3820     14.000   1.9    0.00    0.00   0.00         93
20231025   9574240   39.2020    97.3350     13.000   1.9    0.00    0.00   0.00         94
20231025  10042180   39.2240    97.3590     13.000   1.9    0.00    0.00   0.00         95
20231025  10140020   39.2880    97.3240     26.000   2.6    0.00    0.00   0.00         96
20231025  10265900   39.2430    97.3680      9.000   1.7    0.00    0.00   0.00         97
20231025  12472320   39.2580    97.2660     19.000   1.9    0.00    0.00   0.00         98
20231025  15403340   39.2500    97.2940     12.000   2.5    0.00    0.00   0.00         99
20231025  17310440   39.2510    97.2980     11.000   2.2    0.00    0.00   0.00        100
20231025  18022930   39.3140    97.3560     12.000   1.5    0.00    0.00   0.00        101
20231025  18033620   39.3530    97.2560     14.000   3.9    0.00    0.00   0.00        102
20231025  18145770   39.2560    97.3360     12.000   1.8    0.00    0.00   0.00        103
20231025  18341570   39.3260    97.2910     13.000   2.1    0.00    0.00   0.00        104
20231025  19020130   39.2960    97.3160     10.000   1.4    0.00    0.00   0.00        105
20231025  19161960   39.2480    97.3140     15.000   1.5    0.00    0.00   0.00        106
20231025  19215990   39.2300    97.3490     15.000   1.3    0.00    0.00   0.00        107
20231025  19350570   39.2050    97.2920     15.000   1.0    0.00    0.00   0.00        108
20231025  19384420   39.1900    97.2920     11.000   1.8    0.00    0.00   0.00        109
20231025  19583190   39.2370    97.2740     15.000   2.3    0.00    0.00   0.00        110
20231025  20484940   39.1830    97.3400     15.000   1.7    0.00    0.00   0.00        111
20231025  21041150   39.2750    97.3060     13.000   3.1    0.00    0.00   0.00        112
20231025  21461000   39.2480    97.2720     11.000   3.4    0.00    0.00   0.00        113
20231025  22570970   39.2360    97.3080     11.000   1.9    0.00    0.00   0.00        114
20231026    512430   39.2980    97.3060     22.000   2.2    0.00    0.00   0.00        115
20231026   1014530   39.1910    97.3520     10.000   2.0    0.00    0.00   0.00        116
20231026   2093870   39.2140    97.3090     13.000   1.6    0.00    0.00   0.00        117
20231026   3071500   39.2740    97.3030     11.000   3.1    0.00    0.00   0.00        118
20231026   3310330   39.2560    97.2670     15.000   2.6    0.00    0.00   0.00        119
20231026   3482490   39.2910    97.3300     25.000   2.7    0.00    0.00   0.00        120
20231026   4215850   39.3700    97.3420     12.000   2.0    0.00    0.00   0.00        121
20231026   4370070   39.1810    97.3300     12.000   0.9    0.00    0.00   0.00        122
20231026   7514960   39.3340    97.2250     12.000   2.0    0.00    0.00   0.00        123
20231026  14252320   39.3630    97.2900     21.000   1.9    0.00    0.00   0.00        124
20231026  15415040   39.3260    97.2670     14.000   1.9    0.00    0.00   0.00        125
20231026  19211750   39.2540    97.2910     14.000   2.3    0.00    0.00   0.00        126
20231027   1095710   39.2030    97.3310     10.000   2.0    0.00    0.00   0.00        127
20231027   5030380   39.3090    97.2380      8.000   3.6    0.00    0.00   0.00        128
20231027   9055270   39.3040    97.3330     13.000   2.1    0.00    0.00   0.00        129
20231027  10552220   39.2550    97.2930     25.000   2.2    0.00    0.00   0.00        130
20231028   5582230   39.1930    97.3340     15.000   1.8    0.00    0.00   0.00        132
20231028   6153950   39.2800    97.3350     12.000   1.6    0.00    0.00   0.00        133
20231028   6321160   39.2440    97.3110     22.000   3.0    0.00    0.00   0.00        134
20231028   8265790   39.2960    97.3920     21.000   2.0    0.00    0.00   0.00        135
20231028  17060200   39.3040    97.2990     14.000   2.0    0.00    0.00   0.00        136
20231028  23163310   39.2110    97.3320     14.000   1.3    0.00    0.00   0.00        137
20231029    521320   39.1870    97.3530     15.000   1.9    0.00    0.00   0.00        138
20231029   2123560   39.1920    97.3930     15.000   1.3    0.00    0.00   0.00        139
20231029   6072050   39.2180    97.2950     23.000   1.7    0.00    0.00   0.00        140
20231029  17164000   39.2630    97.2980     11.000   3.5    0.00    0.00   0.00        142
20231029  18494280   39.2770    97.3260     25.000   2.0    0.00    0.00   0.00        143
20231030   2005580   39.2300    97.2620     11.000   1.9    0.00    0.00   0.00        144
20231030  13084390   39.2900    97.2860     12.000   1.8    0.00    0.00   0.00        145
20231030  20125450   39.1840    97.3210     15.000   1.9    0.00    0.00   0.00        146
20231030  23344710   39.2510    97.3180     15.000   1.5    0.00    0.00   0.00        147
20231031   4192750   39.2970    97.2540     25.000   2.4    0.00    0.00   0.00        148
20231031  23440830   39.1710    97.3080     14.000   1.9    0.00    0.00   0.00        149
20231101    443370   39.1930    97.3750     14.000   1.8    0.00    0.00   0.00        150
20231101   1532400   39.2070    97.2950     11.000   1.9    0.00    0.00   0.00        151
20231101   6351530   39.2500    97.3580     26.000   2.3    0.00    0.00   0.00        152
20231101  17084330   39.2390    97.3010     11.000   1.7    0.00    0.00   0.00        153
20231101  18530940   39.2730    97.3330     15.000   1.8    0.00    0.00   0.00        154
20231101  23282510   39.2780    97.3340     25.000   2.5    0.00    0.00   0.00        155
20231102   1425550   39.3320    97.3160     23.000   2.1    0.00    0.00   0.00        156
20231102   9421860   39.2830    97.3000     12.000   2.2    0.00    0.00   0.00        157
20231102  11255600   39.2960    97.2800     13.000   2.9    0.00    0.00   0.00        159
20231103  10254430   39.2260    97.2850     14.000   2.1    0.00    0.00   0.00        160
20231104  14494460   39.2530    97.2550     10.000   3.3    0.00    0.00   0.00        161
20231104  16040850   39.2420    97.2820     11.000   2.0    0.00    0.00   0.00        162
20231105   4595460   39.2660    97.2570     14.000   3.7    0.00    0.00   0.00        163
20231105   5012690   39.2640    97.2740     12.000   2.6    0.00    0.00   0.00        164
20231105   9114360   39.3580    97.2330     15.000   2.0    0.00    0.00   0.00        165
20231105  10110320   39.1760    97.4230      9.000   1.6    0.00    0.00   0.00        166
20231105  13104750   39.2400    97.3020     25.000   2.0    0.00    0.00   0.00        167
20231108   8501040   39.2440    97.2980     22.000   2.2    0.00    0.00   0.00        169
20231109  21300870   39.3520    97.2570     12.000   1.7    0.00    0.00   0.00        171
20231112  21491610   39.2130    97.2990     17.000   2.1    0.00    0.00   0.00        172
20231113    321200   39.2070    97.3220     15.000   1.8    0.00    0.00   0.00        173
20231113   5324750   39.3580    97.3120     25.000   2.3    0.00    0.00   0.00        174
20231113   6082490   39.3170    97.1740     21.000   2.1    0.00    0.00   0.00        175
20231114  22345490   39.2390    97.2480     12.000   1.5    0.00    0.00   0.00        179
20231115  15541090   39.3250    97.3100     27.000   2.6    0.00    0.00   0.00        180
20231115  18075030   39.2740    97.2910     12.000   2.4    0.00    0.00   0.00        181
20231115  19421450   39.2110    97.3350     11.000   2.2    0.00    0.00   0.00        182
20231116   6061470   39.3720    97.2970     25.000   2.0    0.00    0.00   0.00        183
20231116  14191540   39.1790    97.3520     11.000   1.6    0.00    0.00   0.00        184
20231118   3340070   39.1740    97.3670     15.000   2.0    0.00    0.00   0.00        186
20231119    315790   39.3300    97.2600     19.000   2.5    0.00    0.00   0.00        188
20231119  15022310   39.3000    97.2990     13.000   2.2    0.00    0.00   0.00        189
20231119  18513060   39.3150    97.3180     27.000   2.1    0.00    0.00   0.00        190
20231120   4460290   39.3040    97.3040     21.000   2.5    0.00    0.00   0.00        191
20231121  17225550   39.1790    97.2840     13.000   1.5    0.00    0.00   0.00        192
20231122  17542620   39.2410    97.2950     14.000   2.0    0.00    0.00   0.00        195
20231126  20564690   39.2760    97.2870     11.000   2.4    0.00    0.00   0.00        203
20231127  20033690   39.2880    97.3360     31.000   2.3    0.00    0.00   0.00        205
20231127  20512240   39.2470    97.2950     13.000   2.1    0.00    0.00   0.00        206
20231201  12281460   39.2780    97.3040     22.000   2.6    0.00    0.00   0.00        207
20231201  14555550   39.2920    97.2780     11.000   5.3    0.00    0.00   0.00        208
20231201  15044870   39.2340    97.2900     12.000   3.7    0.00    0.00   0.00        209
20231201  15083010   39.2720    97.3190     25.000   3.0    0.00    0.00   0.00        210
20231201  15175340   39.2610    97.2620     11.000   1.9    0.00    0.00   0.00        211
20231201  15191700   39.2510    97.3130     25.000   2.7    0.00    0.00   0.00        212
20231201  15254060   39.1780    97.3210     10.000   1.5    0.00    0.00   0.00        213
20231201  15285800   39.2970    97.3120     25.000   2.2    0.00    0.00   0.00        214
20231201  15292770   39.2020    97.3050     15.000   2.6    0.00    0.00   0.00        215
20231201  15364130   39.2430    97.2590      7.000   3.3    0.00    0.00   0.00        216
20231201  15520140   39.3470    97.2380     12.000   3.8    0.00    0.00   0.00        217
20231201  15572100   39.2000    97.3210     15.000   1.4    0.00    0.00   0.00        218
20231201  15584160   39.2430    97.2960     12.000   2.2    0.00    0.00   0.00        219
20231201  16022560   39.1750    97.3210     14.000   1.6    0.00    0.00   0.00        220
20231201  16071560   39.2530    97.2770     20.000   3.5    0.00    0.00   0.00        221
20231201  16084720   39.2320    97.2710     15.000   3.6    0.00    0.00   0.00        222
20231201  16115590   39.2000    97.2950     24.000   2.0    0.00    0.00   0.00        223
20231201  16125250   39.3060    97.2950     11.000   2.2    0.00    0.00   0.00        224
20231201  16292790   39.2500    97.2960     25.000   2.2    0.00    0.00   0.00        225
20231201  16315340   39.2340    97.2960     20.000   2.9    0.00    0.00   0.00        226
20231201  16382310   39.2460    97.3030     11.000   1.7    0.00    0.00   0.00        227
20231201  16535690   39.1770    97.2730     22.000   1.4    0.00    0.00   0.00        228
20231201  17104740   39.2460    97.2890     12.000   1.9    0.00    0.00   0.00        230
20231201  17170270   39.2640    97.3000     11.000   2.0    0.00    0.00   0.00        231
20231201  17422230   39.2370    97.2700     15.000   1.8    0.00    0.00   0.00        232
20231201  18005550   39.2940    97.2310     10.000   1.4    0.00    0.00   0.00        233
20231201  18053290   39.2330    97.2670     12.000   1.4    0.00    0.00   0.00        234
20231201  18080440   39.2170    97.2870     12.000   1.6    0.00    0.00   0.00        235
20231201  18114870   39.2390    97.2390     25.000   1.8    0.00    0.00   0.00        236
20231201  18141670   39.3060    97.3130     25.000   2.6    0.00    0.00   0.00        237
20231201  18184280   39.1780    97.2960     11.000   1.2    0.00    0.00   0.00        238
20231201  18244200   39.2390    97.2510     13.000   1.6    0.00    0.00   0.00        239
20231201  18273280   39.1790    97.3210     14.000   1.2    0.00    0.00   0.00        240
20231201  18293330   39.1430    97.3320     14.000   2.0    0.00    0.00   0.00        241
20231201  18415350   39.2290    97.2520     13.000   1.6    0.00    0.00   0.00        242
20231201  18482400   39.2150    97.2600     12.000   2.7    0.00    0.00   0.00        243
20231201  18575120   39.2490    97.3290     11.000   1.7    0.00    0.00   0.00        244
20231201  19061790   39.2250    97.2910     10.000   1.6    0.00    0.00   0.00        245
20231201  19241940   39.1670    97.4240     12.000   1.5    0.00    0.00   0.00        246
20231201  19273130   39.2480    97.3030     14.000   2.0    0.00    0.00   0.00        247
20231201  19283760   39.1950    97.2980     11.000   2.0    0.00    0.00   0.00        248
20231201  19300040   39.1960    97.2900     12.000   1.8    0.00    0.00   0.00        249
20231201  19434220   39.2440    97.2970     16.000   1.6    0.00    0.00   0.00        250
20231201  20035330   39.2550    97.2350     15.000   1.7    0.00    0.00   0.00        251
20231201  20063640   39.2190    97.2660     15.000   1.5    0.00    0.00   0.00        252
20231201  20300760   39.3040    97.2670     28.000   2.6    0.00    0.00   0.00        253
20231201  20560520   39.2860    97.3430     18.000   1.2    0.00    0.00   0.00        254
20231201  22055440   39.1780    97.3880     14.000   1.3    0.00    0.00   0.00        255
20231201  22353720   39.2120    97.3120     12.000   1.4    0.00    0.00   0.00        256
20231201  22451880   39.2070    97.2720     20.000   1.3    0.00    0.00   0.00        257
20231201  23044860   39.2330    97.3940     12.000   1.2    0.00    0.00   0.00        258
20231201  23135610   39.1730    97.3010     11.000   1.4    0.00    0.00   0.00        259
20231201  23245720   39.2910    97.2720     12.000   1.5    0.00    0.00   0.00        260
20231201  23313890   39.1990    97.3320     14.000   1.8    0.00    0.00   0.00        261
20231202    444470   39.2330    97.3190     14.000   1.9    0.00    0.00   0.00        262
20231202    554410   39.2310    97.2890     14.000   2.4    0.00    0.00   0.00        263
20231202    592690   39.2500    97.2930     12.000   2.5    0.00    0.00   0.00        264
20231202   1082230   39.3890    97.2780     11.000   1.7    0.00    0.00   0.00        266
20231202   1264140   39.2660    97.3210     12.000   2.0    0.00    0.00   0.00        267
20231202   2542890   39.2700    97.3800     11.000   1.5    0.00    0.00   0.00        268
20231202   3090020   39.1530    97.3370     14.000   1.6    0.00    0.00   0.00        269
20231202   3215090   39.2090    97.2820     14.000   2.3    0.00    0.00   0.00        270
20231202   4032000   39.1880    97.2720     14.000   1.7    0.00    0.00   0.00        271
20231202   4554110   39.2750    97.3240     13.000   2.4    0.00    0.00   0.00        272
20231202   7235660   39.2970    97.3850     15.000   1.3    0.00    0.00   0.00        273
20231202   7532910   39.2510    97.4120     14.000   1.5    0.00    0.00   0.00        274
20231202  10250640   39.1960    97.3960     14.000   1.7    0.00    0.00   0.00        276
20231202  16455240   39.2370    97.2720     14.000   2.8    0.00    0.00   0.00        277
20231202  22355070   39.2370    97.2860     14.000   2.2    0.00    0.00   0.00        278
20231203    445130   39.1690    97.3660     14.000   1.7    0.00    0.00   0.00        279
20231203   8052100   39.1720    97.3150     14.000   1.6    0.00    0.00   0.00        280
20231203  15100820   39.1930    97.2600     14.000   2.5    0.00    0.00   0.00        281
20231204    442260   39.2530    97.2830     21.000   2.1    0.00    0.00   0.00        282
20231204   3264170   39.1920    97.2770     11.000   2.6    0.00    0.00   0.00        283
20231204  13463350   39.2040    97.2660     11.000   1.8    0.00    0.00   0.00        284
20231205   2435320   39.2370    97.2840      8.000   2.6    0.00    0.00   0.00        285
20231205   7545630   39.2060    97.3280     12.000   2.4    0.00    0.00   0.00        286
20231206   3384750   39.3320    97.2870     25.000   1.6    0.00    0.00   0.00        287
20231206  13241330   39.2290    97.2750     15.000   1.6    0.00    0.00   0.00        288
20231207  12283460   39.1650    97.3010     12.000   1.6    0.00    0.00   0.00        290
20231207  12365650   39.2800    97.2900     15.000   1.2    0.00    0.00   0.00        291
20231209   2191130   39.2270    97.3070     15.000   2.4    0.00    0.00   0.00        292
20231209  22434400   39.2920    97.2920     13.000   2.2    0.00    0.00   0.00        294
20231212   8554370   39.2600    97.2770     15.000   1.7    0.00    0.00   0.00        296
20231213   8185760   39.2850    97.3000     25.000   3.3    0.00    0.00   0.00        297
20231213  18490130   39.2440    97.3370     11.000   2.2    0.00    0.00   0.00        298
20231216   7280050   39.2780    97.2990     25.000   2.5    0.00    0.00   0.00        300
20231217    423330   39.2650    97.2700     21.000   2.5    0.00    0.00   0.00        301
20231217  15051910   39.2790    97.2760     12.000   2.7    0.00    0.00   0.00        303
20231217  19564330   39.2740    97.2670     25.000   2.4    0.00    0.00   0.00        304
20231218   6023260   39.2000    97.3020     12.000   3.2    0.00    0.00   0.00        305
20231218   6464810   39.2160    97.2490     16.000   2.3    0.00    0.00   0.00        306
20231219  13364920   39.2440    97.2810     12.000   2.2    0.00    0.00   0.00        307
20231221  21361930   39.2140    97.3180     15.000   1.9    0.00    0.00   0.00        308
20231222   9080620   39.2930    97.2610     23.000   2.2    0.00    0.00   0.00        309
20231222  23051730   39.1660    97.3100     14.000   1.6    0.00    0.00   0.00        310
20231227   9401750   39.2570    97.2800     13.000   2.2    0.00    0.00   0.00        312
20231227  14254460   39.3430    97.2730     19.000   2.3    0.00    0.00   0.00        314
20231231  18295850   39.2470    97.3230     11.000   0.8    0.00    0.00   0.00        318
20240104   3262280   39.2250    97.3320     14.000   1.7    0.00    0.00   0.00        320
20240104   3273260   39.2870    97.2830     27.000   2.6    0.00    0.00   0.00        321
20240104  13230470   39.2940    97.3970     15.000   1.5    0.00    0.00   0.00        323
20240104  15274240   39.3130    97.2850     12.000   2.0    0.00    0.00   0.00        324
20240105   1304710   39.2140    97.1030     29.000   1.3    0.00    0.00   0.00        325
20240106   4070540   39.2250    97.2690     15.000   1.9    0.00    0.00   0.00        326
20240106   4521690   39.2380    97.2630     13.000   2.2    0.00    0.00   0.00        327
20240107   3072690   39.1860    97.2390     26.000   1.7    0.00    0.00   0.00        328
20240107   3251780   39.1770    97.2850     12.000   1.3    0.00    0.00   0.00        329
20240107  15080490   39.2410    97.2390     13.000   2.2    0.00    0.00   0.00        331
20240107  18300440   39.3410    97.2940     22.000   2.0    0.00    0.00   0.00        332
20240107  19481400   39.4320    97.3020     14.000   4.0    0.00    0.00   0.00        333
20240107  19524440   39.2530    97.2680     12.000   2.7    0.00    0.00   0.00        334
20240107  20124990   39.1930    97.3140     15.000   1.8    0.00    0.00   0.00        335
20240107  20300750   39.1590    97.3660     15.000   1.6    0.00    0.00   0.00        336
20240107  20313180   39.1930    97.3020     15.000   1.7    0.00    0.00   0.00        337
20240107  20421330   39.1940    97.2850     15.000   3.3    0.00    0.00   0.00        338
20240107  20455850   39.2520    97.2700     15.000   2.0    0.00    0.00   0.00        339
20240107  21094230   39.2790    97.2700     27.000   2.3    0.00    0.00   0.00        340
20240108     63740   39.1890    97.2860     11.000   1.8    0.00    0.00   0.00        341
20240108   3410110   39.2220    97.2530     13.000   1.5    0.00    0.00   0.00        342
20240108  19311230   39.3520    97.3140     25.000   1.5    0.00    0.00   0.00        344
20240108  19524610   39.2360    97.2750      9.000   2.0    0.00    0.00   0.00        345
20240109   3185110   39.2380    97.2830     25.000   2.7    0.00    0.00   0.00        346
20240110  19133170   39.2670    97.2690     14.000   2.0    0.00    0.00   0.00        349
20240111  16215900   39.3420    97.2780     12.000   1.6    0.00    0.00   0.00        350
20240115  15512650   39.2910    97.2490     15.000   2.3    0.00    0.00   0.00        354
20240116  20055890   39.2630    97.2390     12.000   2.3    0.00    0.00   0.00        356
20240118   1364760   39.2180    97.2900     11.000   1.3    0.00    0.00   0.00        359
20240119  20574820   39.2460    97.2840     13.000   2.0    0.00    0.00   0.00        363
20240119  23110820   39.2920    97.2930     12.000   1.7    0.00    0.00   0.00        364
20240120  18320320   39.2580    97.3060     11.000   2.3    0.00    0.00   0.00        365
20240122  14235490   39.2940    97.2670     10.000   3.7    0.00    0.00   0.00        368
20240122  14292090   39.1770    97.3260     16.000   1.8    0.00    0.00   0.00        369
20240122  14372610   39.2930    97.2610     12.000   2.6    0.00    0.00   0.00        370
20240122  14402170   39.2910    97.2690     27.000   2.5    0.00    0.00   0.00        371
20240123  13021230   39.2010    97.3080     20.000   1.4    0.00    0.00   0.00        373
20240123  17073840   39.2620    97.2700      7.000   1.5    0.00    0.00   0.00        374
20240125  19374790   39.3660    97.2430     12.000   1.8    0.00    0.00   0.00        376
20240125  20410700   39.2620    97.2260     16.000   1.7    0.00    0.00   0.00        377
