        3  39.270414   97.295150    10.230     -497.6     2111.0    -4830.7    571.3    763.5    764.2 2023 10 24  2 51 30.000  2.4   1
        4  39.208211   97.326514     8.236     2210.9    -4794.6    -6825.9   1501.2    987.0   1137.6 2023 10 24  3 57 16.700  2.1   1
        7  39.249849   97.260921     5.692    -3451.7     -172.0    -9369.9   1318.0   1219.7   1159.9 2023 10 24 11 42 37.600  2.8   1
        8  39.382178   97.307080    25.318      531.8    14518.9    10256.9   1823.3   1900.2   3009.1 2023 10 24 11 44 18.800  2.8   1
        9  39.236556   97.301709    11.086       68.5    -1647.9    -3975.5    799.3    684.9   1264.8 2023 10 24 11 48 17.400  2.1   1
       10  39.241703   97.315731     6.012     1279.5    -1076.5    -9049.5   1228.1   1184.8   1136.8 2023 10 24 11 49 44.200  1.9   1
       12  39.264978   97.346037    11.990     3894.8     1507.6    -3070.7   1062.7    897.5   1826.5 2023 10 24 11 59 34.400  2.3   1
       14  39.166272   97.300545    11.721      -31.4    -9451.1    -3340.3    950.6    758.0   1570.5 2023 10 24 12  3 42.900  2.2   1
       16  39.286731   97.254167     8.862    -4034.1     3922.3    -6199.2   1359.9   1602.9   1728.6 2023 10 24 12  5 45.900  2.0   1
       18  39.236137   97.280615 *********    -1751.8    -1694.5 **********    975.5    581.7 972014.8 2023 10 24 12 12 45.300  2.5   1
       20  39.279488   97.274593    13.757    -2271.0     3118.4    -1303.8   1200.0   1258.3   4161.7 2023 10 24 12 35 33.200  2.6   1
       21  39.256396   97.263127    11.865    -3261.1      554.6    -3195.6    657.3    617.1    862.9 2023 10 24 12 48 58.800  1.8   1
       22  39.345345   97.197054    11.745    -8959.1    10429.7    -3315.2   2186.3   2375.2   4307.2 2023 10 24 12 54  4.600  1.6   1
       23  39.225305   97.284204    22.450    -1442.1    -2897.0     7389.0   1329.1   1173.8   2342.2 2023 10 24 12 57 15.200  3.6   1
       24  39.331689   97.295923    25.298     -430.1     8913.6    10236.7   1384.3   1350.1   3911.9 2023 10 24 13  5 26.100  1.6   1
       26  39.277873   97.270093    26.110    -2659.9     2939.1    11048.6    711.2    609.1    867.9 2023 10 24 13 15 53.000  2.3   1
       27  39.332161   97.295402    17.766     -475.1     8966.1     2704.1   1276.1   1366.1   2996.9 2023 10 24 13 21  9.000  2.0   1
       29  39.201383   97.333154     8.208     2784.5    -5552.8    -6853.2    991.8    793.1    912.1 2023 10 24 13 27 49.400  1.6   1
       30  39.293058   97.277938    11.265    -1982.5     4625.1    -3795.5    828.8    394.8   1045.7 2023 10 24 13 29 34.400  2.1   1
       31  39.264624   97.282568    11.584    -1583.4     1468.1    -3476.3    488.0    439.7    873.8 2023 10 24 13 43 30.900  1.5   1
       32  39.280160   97.283691    25.101    -1486.2     3192.8    10039.9   1050.8   1092.1   1319.5 2023 10 24 13 46 19.200  2.2   1
       33  39.300427   97.261995    23.698    -3358.1     5442.9     8636.2   1118.3   1209.0   2296.2 2023 10 24 14  3 32.500  1.9   1
       34  39.321379   97.319767    10.570     1626.7     7768.9    -4491.0   1362.7    649.4   1167.3 2023 10 24 14  9 41.500  1.8   1
       35  39.270650   97.362370     7.166     5304.1     2137.0    -7894.8   1770.9   1557.9   1734.9 2023 10 24 14 13 32.600  2.0   1
       37  39.204622   97.407837     2.440     9232.9    -5193.2   -12621.1   4095.8   3441.3   3296.4 2023 10 24 14 48  0.300  1.5   1
       38  39.204761   97.304826    10.232      337.9    -5177.8    -4828.9    617.2    569.5    990.2 2023 10 24 14 52 57.300  2.7   1
       42  39.249532   97.352710     8.277     4471.3     -207.5    -6784.1   1932.6   1087.5   1243.6 2023 10 24 15 40 25.800  1.5   1
       43  39.281844   97.267513    22.470    -2882.6     3379.8     7408.7   1123.8   1223.3   2342.6 2023 10 24 15 49 53.700  3.2   1
       44  39.250903   97.336060     9.623     3033.7      -55.2    -5438.0   1241.7    803.4   1049.2 2023 10 24 16 35 36.800  1.6   1
       45  39.284062   97.323006    19.507     1906.6     3626.1     4445.6   1823.4   1197.7   2359.9 2023 10 24 16 46 27.100  1.6   1
       46  39.254317   97.264608    11.139    -3133.6      323.7    -3921.2    944.2    765.5   1127.3 2023 10 24 16 56  6.900  3.1   1
       48  39.249003   97.344116    20.682     3729.6     -266.3     5620.1   4608.3   4090.6  10601.0 2023 10 24 17 26  9.000  1.6   1
       49  39.248694   97.311759    11.841      936.1     -300.6    -3219.7    731.9    513.0   1012.3 2023 10 24 17 33 41.000  2.6   1
       50  39.211263   97.267000    10.424    -2928.3    -4456.1    -4636.1    670.8    580.1   1000.1 2023 10 24 17 43  4.600  1.5   1
       51  39.193079   97.400749    10.165     8621.5    -6475.0    -4895.7   1274.6   1161.4   1578.7 2023 10 24 17 59 10.300  1.6   1
       53  39.278227   97.307650    21.524      581.6     2978.4     6462.3    822.1   1018.9   1329.4 2023 10 24 18 43 20.400  2.1   1
       55  39.332255   97.299113    19.257     -155.3     8976.6     4195.8   1297.5   1495.1   3403.6 2023 10 24 19 14 56.600  2.0   1
       56  39.310449   97.335050    16.979     2945.8     6555.8     1918.4   1513.9    893.6   3544.2 2023 10 24 19 21 40.900  1.8   1
       57  39.199089   97.340251    11.197     3397.0    -5807.8    -3863.1   1029.2    807.4   1764.0 2023 10 24 19 28 32.800  1.3   1
       58  39.284550   97.334717    19.619     2917.7     3680.3     4557.1    718.1    677.0   1583.0 2023 10 24 19 29 17.600  1.7   1
       60  39.261849   97.294604    24.674     -544.4     1160.3     9612.8    612.5    380.7    863.9 2023 10 24 19 36 37.300  3.2   1
       61  39.247420   97.293302    11.228     -656.7     -442.0    -3832.4    728.7    483.9    856.2 2023 10 24 19 47 39.800  1.1   1
       62  39.194303   97.244971    10.628    -4830.7    -6338.7    -4432.4   1149.2   1047.5   1724.7 2023 10 24 19 54  8.800  1.2   1
       65  39.318986   97.314437     5.739     1166.9     7503.3    -9321.5    610.8    567.5   7459.6 2023 10 24 21 27  6.600  1.8   1
       66  39.203101   97.296191    10.008     -407.7    -5362.0    -5052.4    895.2    743.5   1299.7 2023 10 24 21 45  8.300  1.1   1
       67  39.227059   97.279085    11.888    -1884.2    -2702.2    -3173.7    808.7    719.9   1437.8 2023 10 24 21 51 14.000  1.7   1
       68  39.331360   97.319670    11.691     1618.0     8877.3    -3369.1   1480.7    793.9   1884.7 2023 10 24 22 34 42.800  1.5   1
       70  39.221871   97.341715    13.068     3522.9    -3278.2    -1993.0   1057.0    848.9   2193.7 2023 10 24 22 57 19.100  1.4   1
       71  39.352039   97.283285    28.745    -1520.3    11172.8    13683.9   1197.1    825.1   1259.9 2023 10 24 23 19 16.800  2.5   1
       72  39.267704   97.273893    17.651    -2332.1     1809.9     2589.7    740.9   1013.8   3237.1 2023 10 25  0 28 26.100  3.4   1
       73  39.220874   97.256771    11.566    -3811.0    -3388.9    -3494.2    854.3    676.7   1350.5 2023 10 25  0 43 57.000  1.9   1
       74  39.381388   97.267147    10.379    -2912.1    14431.3    -4681.8   1713.2   1832.0   2706.7 2023 10 25  0 57 27.600  2.6   1
       75  39.270654   97.284912    19.412    -1381.0     2137.7     4350.3   1361.0    973.5   5447.9 2023 10 25  1 13 17.200  2.7   1
       76  39.244051   97.327238     4.115     2272.3     -815.8   -10946.2   1614.1   1147.9    996.7 2023 10 25  1 44 10.000  2.4   1
       77  39.349194   97.310767    11.075      850.2    10857.4    -3985.5   1199.2   1169.9   2013.4 2023 10 25  1 55  3.300  1.8   1
       78  39.193962   97.337988    10.388     3202.0    -6377.0    -4673.9    895.0    657.9   1083.6 2023 10 25  2  4 12.100  1.5   1
       79  39.239986   97.312760    11.378     1022.9    -1267.3    -3682.9    477.9    405.1    823.4 2023 10 25  2 35 25.000  1.4   1
       80  39.287447   97.309481    11.036      739.6     4002.1    -4024.8    577.3    518.6    941.0 2023 10 25  2 38 12.200  1.7   1
       81  39.232292   97.273454    11.444    -2370.4    -2121.4    -3616.5    600.1    490.0    990.6 2023 10 25  2 43  9.600  1.5   1
       82  39.185425   97.264762    14.494    -3122.0    -7324.6     -567.4   1441.9   1217.8   6975.0 2023 10 25  4 41 44.300  1.8   1
       83  39.189591   97.271639     9.665    -2527.7    -6861.9    -5395.9    925.5    735.4   1198.1 2023 10 25  5  3 36.800  2.0   1
       84  39.228617   97.318693    12.310     1535.3    -2529.1    -2751.3    753.0    626.9   1281.8 2023 10 25  5 10 23.600  1.6   1
       86  39.242855   97.294189    10.753     -580.1     -948.5    -4307.7   1250.1    624.2   1042.6 2023 10 25  5 55 41.900  2.2   1
       87  39.314734   97.309066    12.190      703.4     7031.4    -2870.7    725.0    674.3   1514.9 2023 10 25  6 39 45.200  1.6   1
       88  39.243909   97.304525    13.828      311.8     -831.6    -1233.8   1099.1    575.2   1551.7 2023 10 25  6 57 24.500  3.0   1
       89  39.256576   97.346729    12.085     3954.5      574.6    -2975.3   1311.0    653.8   1521.5 2023 10 25  7  5 33.700  1.3   1
       90  39.299056   97.349935    10.770     4230.1     5291.0    -4290.2   1500.7    716.4   2068.3 2023 10 25  7 28 27.300  2.2   1
       92  39.306649   97.333626    20.177     2823.0     6133.7     5115.4    976.8   1040.8   2301.4 2023 10 25  8 13 36.600  2.9   1
       94  39.206864   97.326839    10.514     2238.6    -4944.4    -4546.0    947.5    685.0   3665.5 2023 10 25  9 57 42.400  1.9   1
       95  39.229696   97.369971    12.064     5962.2    -2409.7    -2996.8   1936.7   1516.2   5573.9 2023 10 25 10  4 21.800  1.9   1
       96  39.281604   97.327905    28.106     2329.5     3353.3    13044.9   1154.0    730.3    947.7 2023 10 25 10 14  0.200  2.6   1
       97  39.249386   97.372070     9.819     6142.2     -223.6    -5241.2   1578.5   1339.8   2110.3 2023 10 25 10 26 59.000  1.7   1
       98  39.249390   97.272502    20.572    -2452.1     -223.3     5510.5    729.8   1103.0   2268.4 2023 10 25 12 47 23.200  1.9   1
       99  39.243420   97.286092     9.542    -1278.9     -886.0    -5518.5    819.3    806.2   1241.4 2023 10 25 15 40 33.400  2.5   1
      100  39.251481   97.296265    11.199     -401.2        9.2    -3861.6    478.4    419.4    849.3 2023 10 25 17 31  4.400  2.2   1
      101  39.311540   97.301392    12.538       41.7     6676.8    -2522.2   1598.7    738.0   1737.8 2023 10 25 18  2 29.300  1.5   1
      103  39.250728   97.326367     9.672     2197.5      -74.6    -5388.6    581.0    489.8    805.3 2023 10 25 18 14 57.700  1.8   1
      104  39.331535   97.298690    15.742     -191.9     8896.8      681.7   1566.7   1507.0   3844.4 2023 10 25 18 34 15.700  2.1   1
      105  39.297013   97.297917    10.246     -258.7     5063.9    -4814.5   1023.4    518.4    924.0 2023 10 25 19  2  1.300  1.4   1
      106  39.257227   97.302344     8.538      123.8      646.7    -6523.6    796.0    790.2   1017.3 2023 10 25 19 16 19.600  1.5   1
      107  39.234823   97.358667    10.320     4986.2    -1840.4    -4741.9    922.2    736.0   1230.9 2023 10 25 19 21 59.900  1.3   1
      108  39.206580   97.294906     4.492     -518.9    -4976.0   -10569.2    702.2    586.6   7325.5 2023 10 25 19 35  5.700  1.0   1
      109  39.187447   97.285238    10.092    -1353.2    -7100.2    -4968.1    600.7    551.9    979.7 2023 10 25 19 38 44.200  1.8   1
      110  39.236340   97.287630    10.995    -1146.4    -1671.8    -4066.9   1219.5    705.4   6988.0 2023 10 25 19 58 31.900  2.3   1
      111  39.189225   97.323446     9.868     1946.1    -6902.7    -5193.3    921.4    710.8   1185.9 2023 10 25 20 48 49.400  1.7   1
      112  39.266866   97.303369    10.443      212.1     1717.2    -4617.4    884.5    930.6   1429.9 2023 10 25 21  4 11.500  3.1   1
      113  39.243099   97.277620     9.966    -2010.4     -921.7    -5094.5    699.9    482.2    896.2 2023 10 25 21 46 10.000  3.4   1
      114  39.230998   97.317513     9.011     1433.3    -2265.2    -6049.1    721.4    719.3    965.8 2023 10 25 22 57  9.700  1.9   1
      115  39.298466   97.296045    21.517     -419.7     5225.4     6455.6   1060.8    777.0   1545.9 2023 10 26  0 51 24.300  2.2   1
      116  39.189099   97.361882     8.826     5265.2    -6916.6    -6234.1   1602.5   1027.7   1756.7 2023 10 26  1  1 45.300  2.0   1
      117  39.216850   97.312166    13.055      971.6    -3835.6    -2005.9    781.2    622.5   3187.5 2023 10 26  2  9 38.700  1.6   1
      118  39.277808   97.304354    11.709      297.1     2931.7    -3351.1    584.2    546.7    879.3 2023 10 26  3  7 15.000  3.1   1
      119  39.256083   97.267122    16.097    -2916.3      519.8     1035.9    737.8    668.9   3603.8 2023 10 26  3 31  3.300  2.6   1
      120  39.290458   97.306429    25.907      476.0     4336.5    10845.7   1109.3    793.1   1660.3 2023 10 26  3 48 24.900  2.7   1
      121  39.370614   97.316268    13.439     1324.3    13235.0    -1621.4   1854.3   1733.1   4105.7 2023 10 26  4 21 58.500  2.0   1
      122  39.177730   97.340649    10.538     3432.0    -8178.6    -4522.3   1354.3    929.2   1658.7 2023 10 26  4 37  0.700  0.9   1
      123  39.331905   97.222518    11.198    -6763.1     8937.9    -3862.6   1899.6   1978.6   3673.9 2023 10 26  7 51 49.600  2.0   1
      124  39.363090   97.281795    19.708    -1648.6    12399.8     4647.0   1439.8   1634.4   3475.6 2023 10 26 14 25 23.200  1.9   1
      125  39.327417   97.268221    11.536    -2820.1     8439.4    -3526.0    805.0    982.2   1654.3 2023 10 26 15 41 50.400  1.9   1
      127  39.203581   97.332170    10.178     2699.3    -5309.1    -4882.8   1005.6    801.5   1418.7 2023 10 27  1  9 57.100  2.0   1
      128  39.310942   97.238411     8.133    -5392.8     6610.5    -6927.7   1144.4   1115.0   1469.6 2023 10 27  5  3  3.800  3.6   1
      129  39.295870   97.323763     7.701     1971.8     4937.2    -7359.1   1219.5   1374.1   1007.6 2023 10 27  9  5 52.700  2.1   1
      130  39.257125   97.287101    23.595    -1191.9      635.8     8533.6    634.1    428.2   1175.1 2023 10 27 10 55 22.200  2.2   1
      132  39.187195   97.332707    25.909     2746.1    -7128.2    10847.7   2015.5    788.0   1361.7 2023 10 28  5 58 22.300  1.8   1
      133  39.283777   97.310010    13.016      784.9     3594.3    -2044.5   1443.7    840.3   1846.7 2023 10 28  6 15 39.500  1.6   1
      134  39.244828   97.298291    20.416     -226.2     -729.5     5355.0    784.9    506.2   1431.0 2023 10 28  6 32 11.600  3.0   1
      138  39.197241   97.332568     7.954     2733.7    -6012.8    -7107.3   1548.5   1069.9   1233.1 2023 10 29  0 52 13.200  1.9   1
      139  39.196753   97.404631    11.661     8956.1    -6066.8    -3400.5   1318.7    952.8   1728.4 2023 10 29  2 12 35.600  1.3   1
      140  39.213224   97.283724    21.477    -1483.8    -4238.4     6415.8   1121.6    965.0   2190.5 2023 10 29  6  7 20.500  1.7   1
      142  39.255245   97.302580    10.027      144.2      426.7    -5033.6    742.4    678.6    901.6 2023 10 29 17 16 40.000  3.5   1
      143  39.278166   97.315055    24.153     1220.7     2971.6     9091.9    596.6    557.7   1206.2 2023 10 29 18 49 42.800  2.0   1
      144  39.228040   97.261410    10.581    -3410.7    -2593.4    -4479.3    667.0    531.8    884.9 2023 10 30  2  0 55.800  1.9   1
      145  39.298059   97.295475     8.712     -469.4     5180.0    -6348.1   1347.9   1249.4   4891.6 2023 10 30 13  8 43.900  1.8   1
      146  39.187594   97.323364     1.046     1938.6    -7083.7   -14015.1   1909.1   1505.6   1473.4 2023 10 30 20 12 54.500  1.9   1
      147  39.265104   97.285409     7.082    -1338.4     1521.6    -7979.0   1336.5   1047.5   1049.7 2023 10 30 23 34 47.100  1.5   1
      148  39.304744   97.245280    24.946    -4800.3     5922.4     9884.2   1104.7   1360.4   1629.6 2023 10 31  4 19 27.500  2.4   1
      149  39.175142   97.302832     1.440      165.8    -8466.3   -13621.0   1347.2   1254.4   1165.9 2023 10 31 23 44  8.300  1.9   1
      151  39.207186   97.282520    10.730    -1587.8    -4908.6    -4331.0    649.9    587.8    971.6 2023 11  1  1 53 24.000  1.9   1
      152  39.252055   97.340365    25.170     3405.6       72.8    10108.9   1196.0    858.3   1660.9 2023 11  1  6 35 15.300  2.3   1
      153  39.237870   97.296232    10.205     -404.1    -1502.1    -4855.5    509.7    657.3    915.5 2023 11  1 17  8 43.300  1.7   1
      154  39.271379   97.327775    10.713     2318.5     2218.0    -4348.5   1304.6    717.1   1445.1 2023 11  1 18 53  9.400  1.8   1
      155  39.277962   97.331934    23.670     2677.2     2948.8     8609.0   1002.1    723.1   1393.0 2023 11  1 23 28 25.100  2.5   1
      156  39.334359   97.313574    22.300     1092.5     9209.9     7238.4   1352.3    867.3   1457.5 2023 11  2  1 42 55.500  2.1   1
      157  39.282874   97.272624    11.914    -2441.3     3494.0    -3146.3   1138.9    637.6   1018.2 2023 11  2  9 42 18.600  2.2   1
      159  39.293372   97.275749    11.649    -2171.1     4659.8    -3411.2    896.5    575.8   1006.6 2023 11  2 11 25 56.000  2.9   1
      160  39.216207   97.306909    26.344      517.5    -3906.9    11282.4   1228.0   1449.7   2578.9 2023 11  3 10 25 44.300  2.1   1
      161  39.244165   97.274211     9.023    -2305.2     -803.4    -6037.5   1057.6    726.8    871.0 2023 11  4 14 49 44.600  3.3   1
      162  39.244092   97.280444    11.778    -1766.6     -811.5    -3282.3    583.9    562.0   1134.6 2023 11  4 16  4  8.500  2.0   1
      163  39.273848   97.263835    19.829    -3200.0     2492.3     4767.9    889.2   1160.4   2608.6 2023 11  5  4 59 54.600  3.7   1
      164  39.260636   97.269678    10.702    -2695.5     1025.6    -4358.9    337.5    341.8    537.0 2023 11  5  5  1 26.900  2.6   1
      165  39.361503   97.231763    11.666    -5964.1    12223.6    -3395.6   1262.4   1374.2   2744.7 2023 11  5  9 11 43.600  2.0   1
      166  39.181726   97.417342     9.487    10055.1    -7735.1    -5573.2   1436.2   1177.5   1700.3 2023 11  5 10 11  3.200  1.6   1
      167  39.238228   97.273877    27.094    -2333.7    -1462.2    12032.5   1326.4    882.5   1667.7 2023 11  5 13 10 47.500  2.0   1
      169  39.247205   97.308984    20.845      697.2     -466.0     5783.4    873.9    526.6   1366.6 2023 11  8  8 50 10.400  2.2   1
      171  39.355302   97.261206    13.858    -3425.1    11535.1    -1202.2   1310.1   1317.4   3114.2 2023 11  9 21 30  8.700  1.7   1
      172  39.209005   97.292098    20.568     -761.3    -4706.6     5506.5   1017.9    787.3   2248.6 2023 11 12 21 49 16.100  2.1   1
      174  39.359574   97.289950    25.586     -945.3    12009.7    10524.5   1042.1    730.5   1041.2 2023 11 13  5 32 47.500  2.3   1
      179  39.231327   97.273470     8.605    -2368.7    -2228.4    -6456.0   1086.6    774.7   1328.0 2023 11 14 22 34 54.900  1.5   1
      180  39.323108   97.317220    27.126     1406.8     7961.1    12064.5    838.1    657.1   1022.4 2023 11 15 15 54 10.900  2.6   1
      181  39.275468   97.291447    10.232     -817.1     2671.9    -4828.3    527.5    398.6   1126.3 2023 11 15 18  7 50.300  2.4   1
      182  39.206413   97.357300     9.417     4868.6    -4994.7    -5643.9   1100.9    953.4   1570.4 2023 11 15 19 42 14.500  2.2   1
      183  39.365910   97.293026    26.976     -679.8    12712.7    11914.1   1176.9    774.8   1192.2 2023 11 16  6  6 14.700  2.0   1
      184  39.173905   97.364250     9.210     5470.1    -8603.6    -5850.9   1660.2    997.6   1665.9 2023 11 16 14 19 15.400  1.6   1
      186  39.182092   97.340975     7.757     3459.7    -7694.4    -7305.0   1498.4   1149.0   1327.4 2023 11 18  3 34  0.700  2.0   1
      188  39.331352   97.267847    20.895    -2852.3     8876.3     5834.0   1132.7   1199.7   2654.6 2023 11 19  0 31 57.900  2.5   1
      189  39.278650   97.301937    10.224       88.6     3025.3    -4836.5   1029.4   1352.7   1275.3 2023 11 19 15  2 23.100  2.2   1
      190  39.319214   97.323348    26.021     1935.6     7528.8    10959.6    742.9    665.1   1401.3 2023 11 19 18 51 30.600  2.1   1
      191  39.305994   97.317578    23.023     1438.0     6061.2     7961.7    916.5    954.3   1392.9 2023 11 20  4 46  2.900  2.5   1
      192  39.180334   97.285636    13.259    -1319.5    -7889.6    -1801.9   1036.8   1106.8   7918.4 2023 11 21 17 22 55.500  1.5   1
      203  39.281047   97.301221     9.503       26.7     3291.3    -5557.4   1056.1    792.7   1264.2 2023 11 26 20 56 46.900  2.4   1
      206  39.246281   97.290951    12.295     -860.0     -568.4    -2765.3    792.5    581.7   1473.5 2023 11 27 20 51 22.400  2.1   1
      207  39.280884   97.313387    20.257     1076.9     3273.4     5195.6    774.6   1062.8   1710.8 2023 12  1 12 28 14.600  2.6   1
      208  39.268681   97.278939    10.213    -1896.1     1918.7    -4847.3    953.6   1058.4   1321.7 2023 12  1 14 55 55.500  5.3   1
      209  39.218547   97.294027     9.885     -594.3    -3647.5    -5175.5    901.3   1059.4   1033.0 2023 12  1 15  4 48.700  3.7   1
      210  39.277832   97.317114    25.213     1398.7     2934.5    10152.0    707.2    653.8   1376.0 2023 12  1 15  8 30.100  3.0   1
      211  39.260453   97.264168    10.179    -3171.4     1005.1    -4881.2    827.1    776.0   1178.7 2023 12  1 15 17 53.400  1.9   1
      212  39.252087   97.304744    25.005      330.6       76.2     9943.7    728.1    378.9    735.7 2023 12  1 15 19 17.000  2.7   1
      213  39.173340   97.334001     8.555     2857.7    -8666.3    -6505.3   1417.0    913.7   1438.6 2023 12  1 15 25 40.600  1.5   1
      214  39.287618   97.297868    28.501     -262.5     4021.1    13439.5   1112.8    763.8   1222.7 2023 12  1 15 28 58.000  2.2   1
      216  39.244385   97.273861     7.123    -2334.8     -779.0    -7937.4   1528.1   1204.9   1038.4 2023 12  1 15 36 41.300  3.3   1
      217  39.341203   97.259456    10.369    -3575.9     9970.1    -4691.8   1195.0   1256.4   3009.5 2023 12  1 15 52  1.400  3.8   1
      218  39.204301   97.327100     7.338     2261.5    -5228.9    -7723.1   1156.3    955.3    984.6 2023 12  1 15 57 21.000  1.4   1
      219  39.236589   97.299642     9.680     -109.9    -1644.4    -5380.3    523.5    612.4    667.4 2023 12  1 15 58 41.600  2.2   1
      220  39.175496   97.323991    19.367     1993.5    -8426.8     4305.1   1352.9   1029.6   4535.6 2023 12  1 16  2 25.600  1.6   1
      221  39.249687   97.275594    22.242    -2185.5     -190.2     7180.0    442.2    468.2   1062.0 2023 12  1 16  7 15.600  3.5   1
      222  39.227600   97.277360    29.472    -2033.5    -2642.2    14410.9   1276.1   1508.9   2653.7 2023 12  1 16  8 47.200  3.6   1
      223  39.202690   97.286003    23.310    -1287.5    -5407.6     8248.4   1080.9   1036.1   2014.1 2023 12  1 16 11 55.900  2.0   1
      224  39.310669   97.292505    12.210     -725.5     6580.0    -2850.2   1112.8    728.9   1330.2 2023 12  1 16 12 52.500  2.2   1
      225  39.249463   97.294474    26.004     -555.5     -214.9    10942.5    870.9    372.4   1028.5 2023 12  1 16 29 27.900  2.2   1
      226  39.234403   97.296029    19.017     -421.6    -1886.9     3955.6    669.1    542.8   1391.2 2023 12  1 16 31 53.400  2.9   1
      227  39.247453   97.296086    11.312     -416.5     -438.0    -3748.1    560.4    521.1    857.4 2023 12  1 16 38 23.100  1.7   1
      228  39.173197   97.270036    24.531    -2666.3    -8682.1     9469.8   1144.3   1196.2   2560.9 2023 12  1 16 53 56.900  1.4   1
      231  39.273958   97.290340    10.015     -912.1     2504.3    -5045.7   1031.8   1310.3   1265.5 2023 12  1 17 17  2.700  2.0   1
      233  39.291170   97.260734     8.636    -3467.3     4415.5    -6424.7   1307.7   1027.2   1431.0 2023 12  1 18  0 55.500  1.4   1
      234  39.229224   97.259977    10.282    -3533.9    -2461.9    -4778.1    618.9    605.9    951.7 2023 12  1 18  5 32.900  1.4   1
      235  39.214799   97.283097    10.978    -1538.0    -4063.5    -4082.3    692.0    590.3   1022.6 2023 12  1 18  8  4.400  1.6   1
      236  39.231677   97.243050    25.487    -4995.1    -2189.5    10426.0   1381.1   1249.8   2117.1 2023 12  1 18 11 48.700  1.8   1
      237  39.304456   97.314201    23.889     1146.5     5890.4     8827.9    881.5    681.8   1527.8 2023 12  1 18 14 16.700  2.6   1
      238  39.177059   97.292603    10.315     -717.4    -8253.5    -4745.9    796.4    715.5   1027.5 2023 12  1 18 18 42.800  1.2   1
      239  39.236426   97.243636    10.692    -4944.3    -1662.4    -4368.3    831.3    744.6   1069.3 2023 12  1 18 24 42.000  1.6   1
      240  39.185807   97.297493    22.494     -295.1    -7282.3     7432.5   1985.2    791.7   1552.5 2023 12  1 18 27 32.800  1.2   1
      241  39.150492   97.332145     6.273     2698.2   -11202.8    -8788.0   2937.7   1906.8   1828.3 2023 12  1 18 29 33.300  2.0   1
      242  39.230155   97.263053     7.485    -3268.6    -2358.6    -7575.6    897.4    840.9   5398.8 2023 12  1 18 41 53.500  1.6   1
      243  39.224491   97.264950    10.492    -3104.7    -2987.6    -4568.2   1107.0   1079.4   4387.6 2023 12  1 18 48 24.000  2.7   1
      244  39.248027   97.326701    10.516     2226.4     -374.6    -4544.1    557.2    486.1    870.8 2023 12  1 18 57 51.200  1.7   1
      245  39.225179   97.289974     9.856     -944.5    -2910.9    -5204.5    747.9    704.2   1043.6 2023 12  1 19  6 17.900  1.6   1
      246  39.166048   97.397835    10.234     8371.4    -9475.9    -4826.9   1408.3    982.9   1634.5 2023 12  1 19 24 19.400  1.5   1
      247  39.245524   97.294450    33.897     -557.6     -652.2    18836.0   1758.0   1674.4   2548.2 2023 12  1 19 27 31.300  2.0   1
      248  39.192061   97.299137     9.936     -153.0    -6587.6    -5124.0    690.7    595.8   1015.4 2023 12  1 19 28 37.600  2.0   1
      249  39.194552   97.300252    11.578      -57.2    -6311.4    -3482.6    934.0    691.7   1427.3 2023 12  1 19 30  0.400  1.8   1
      250  39.253853   97.283073     5.265    -1539.5      272.4    -9796.8   1271.8   1096.7   1044.3 2023 12  1 19 43 42.200  1.6   1
      251  39.258289   97.239559    12.262    -5295.5      764.6    -2799.0    867.8    813.1   1981.1 2023 12  1 20  3 53.300  1.7   1
      252  39.227356   97.274731     9.158    -2260.1    -2669.3    -5903.3   1672.0   1072.4   1397.4 2023 12  1 20  6 36.400  1.5   1
      253  39.299577   97.275220    27.660    -2216.6     5348.8    12598.0    932.6    815.9   1351.3 2023 12  1 20 30  7.600  2.6   1
      254  39.285799   97.302710    21.953      155.2     3819.1     6891.3   1660.9    902.3   1670.8 2023 12  1 20 56  5.200  1.2   1
      255  39.179154   97.390763    11.725     7760.0    -8020.6    -3336.4   1059.2    835.6   1737.6 2023 12  1 22  5 54.400  1.3   1
      256  39.210384   97.310978    11.225      869.2    -4553.5    -3835.6    775.9    704.6   1428.4 2023 12  1 22 35 37.200  1.4   1
      258  39.232043   97.393514    11.658     7994.6    -2148.8    -3402.2   1571.6   1311.8   2676.6 2023 12  1 23  4 48.600  1.2   1
      259  39.172538   97.282764    10.633    -1567.5    -8755.3    -4427.6    907.7    663.2   1113.5 2023 12  1 23 13 56.100  1.4   1
      260  39.285673   97.275293    10.299    -2211.0     3805.3    -4761.3    720.3    545.9    909.3 2023 12  1 23 24 57.200  1.5   1
      262  39.240222   97.311206     2.655      888.6    -1241.0   -12406.9   1125.9   1167.9   1014.1 2023 12  2  0 44 44.700  1.9   1
      263  39.237736   97.303271    20.298      203.8    -1516.8     5236.3   1177.6   1254.6   2889.4 2023 12  2  0 55 44.100  2.4   1
      264  39.240531   97.294971     8.713     -513.2    -1206.8    -6347.2    667.4    766.8    678.3 2023 12  2  0 59 26.900  2.5   1
      266  39.382003   97.273747     9.533    -2342.8    14499.4    -5527.1   1762.2   1875.8   3138.9 2023 12  2  1  8 22.300  1.7   1
      267  39.263204   97.310628    10.843      838.5     1310.5    -4217.3   1009.7    472.1    799.8 2023 12  2  1 26 41.400  2.0   1
      268  39.261426   97.381348    10.674     6943.0     1113.1    -4386.3   1678.0   1525.5   2515.1 2023 12  2  2 54 28.900  1.5   1
      269  39.156689   97.310555     1.591      833.0   -10515.0   -13470.4   1536.7   1379.6   1318.4 2023 12  2  3  9  0.200  1.6   1
      272  39.275350   97.302384    11.904      127.1     2658.9    -3156.8   1066.8    701.1   1343.3 2023 12  2  4 55 41.100  2.4   1
      276  39.213074   97.365601     5.905     5585.2    -4254.9    -9156.4   3001.7   1568.6   1561.2 2023 12  2 10 25  6.400  1.7   1
      277  39.244132   97.288477     5.456    -1073.2     -807.0    -9605.8   1182.5   1137.8    967.3 2023 12  2 16 45 52.400  2.8   1
      278  39.229431   97.293245    30.752     -661.8    -2439.0    15690.4   1313.1   1552.7   2473.1 2023 12  2 22 35 50.700  2.2   1
      280  39.178044   97.298747    11.006     -186.7    -8144.1    -4055.4    981.4    702.5   1284.3 2023 12  3  8  5 21.000  1.6   1
      281  39.195679   97.266854    12.713    -2941.0    -6186.1    -2348.9   1121.6    905.0   2257.1 2023 12  3 15 10  8.200  2.5   1
      282  39.251400   97.282886    22.060    -1556.0        0.0     6998.5    533.8    448.5    913.0 2023 12  4  0 44 22.600  2.1   1
      283  39.189148   97.281388    10.050    -1686.1    -6911.1    -5010.4   1026.9    582.7   1027.3 2023 12  4  3 26 41.700  2.6   1
      284  39.202230   97.262915    10.412    -3280.7    -5459.1    -4648.3    877.7    754.8   1303.9 2023 12  4 13 46 33.500  1.8   1
      285  39.237821   97.286296     8.515    -1261.7    -1507.6    -6545.1   1133.3    898.5    875.3 2023 12  5  2 43 53.200  2.6   1
      286  39.199801   97.353247     8.709     4519.2    -5728.7    -6351.4   1314.1    947.2   1228.9 2023 12  5  7 54 56.300  2.4   1
      287  39.338098   97.280314    25.885    -1776.7     9625.4    10824.0   1163.1    897.3   1661.1 2023 12  6  3 38 47.500  1.6   1
      288  39.236556   97.285791     8.396    -1305.0    -1648.0    -6665.8   1025.1    867.3    959.8 2023 12  6 13 24 13.300  1.6   1
      290  39.157829   97.325179     9.310     2095.9   -10388.3    -5750.7   1491.8    885.3   1432.7 2023 12  7 12 28 34.600  1.6   1
      292  39.236275   97.320036     2.195     1651.2    -1679.1   -12866.5   1314.0   1188.6   1035.2 2023 12  9  2 19 11.300  2.4   1
      294  39.299162   97.301912    14.680       86.7     5302.6     -380.9   1752.2   1658.9   4522.6 2023 12  9 22 43 44.000  2.2   1
      296  39.269576   97.277816     6.160    -1993.2     2017.7    -8901.3   1514.2   1215.5   1127.6 2023 12 12  8 55 43.700  1.7   1
      297  39.281938   97.291056    27.203     -850.7     3390.4    12141.9    714.9    461.8    902.6 2023 12 13  8 18 57.600  3.3   1
      298  39.240653   97.357853     9.137     4915.9    -1192.9    -5923.1   1308.3    862.3   1468.2 2023 12 13 18 49  1.300  2.2   1
      300  39.277767   97.287297    24.915    -1175.1     2927.2     9853.9    569.4    472.5    922.9 2023 12 16  7 28  0.500  2.5   1
      301  39.266109   97.272673    23.002    -2437.2     1632.9     7940.8    424.7    781.9   1263.0 2023 12 17  0 42 33.300  2.5   1
      303  39.276900   97.277344    11.736    -2034.1     2831.2    -3324.6    400.6    630.9    957.5 2023 12 17 15  5 19.100  2.7   1
      304  39.271330   97.271509    26.071    -2537.5     2212.6    11010.0    662.6    617.1    949.5 2023 12 17 19 56 43.300  2.4   1
      305  39.199565   97.305168    11.975      367.8    -5754.6    -3085.5    732.2    598.5   1539.7 2023 12 18  6  2 32.600  3.2   1
      306  39.213391   97.244727    18.620    -4851.4    -4219.7     3558.6   1761.5   1560.9   3976.9 2023 12 18  6 46 48.100  2.3   1
      307  39.235331   97.280941    10.276    -1724.0    -1784.0    -4784.0    700.6    666.2    954.4 2023 12 19 13 36 49.200  2.2   1
      308  39.222168   97.319360     1.942     1592.5    -3245.3   -13119.1   1267.2   1055.6    936.9 2023 12 21 21 36 19.300  1.9   1
      309  39.293270   97.262891    23.037    -3281.2     4648.2     7975.9    776.0    940.3   1908.7 2023 12 22  9  8  6.200  2.2   1
      310  39.166496   97.311019    11.791      873.2    -9426.0    -3270.4    984.9    776.5   1613.9 2023 12 22 23  5 17.300  1.6   1
      312  39.254456   97.272656    11.313    -2439.2      339.2    -3748.0    640.0    436.0    846.4 2023 12 27  9 40 17.500  2.2   1
      314  39.330741   97.266642    22.138    -2956.8     8808.3     7076.5   1174.0   1234.1   2771.3 2023 12 27 14 25 44.600  2.3   1
      318  39.242192   97.333545     9.170     2817.1    -1022.3    -5890.3   1091.1    607.4   1090.3 2023 12 31 18 29 58.500  0.8   1
      320  39.223568   97.317578     9.825     1438.7    -3090.1    -5236.6   1260.7    757.8   1344.4 2024  1  4  3 26 22.800  1.7   1
      321  39.278569   97.311589    27.901      921.2     3016.3    12839.9   1249.9    959.0   1535.8 2024  1  4  3 27 32.600  2.6   1
      324  39.307312   97.281494    11.219    -1675.3     6207.3    -3841.4    800.6    831.2   1216.8 2024  1  4 15 27 42.400  2.0   1
      327  39.234489   97.264461    11.540    -3146.8    -1877.4    -3520.5    595.0    495.7   1128.4 2024  1  6  4 52 16.900  2.2   1
      329  39.173132   97.275830    10.205    -2166.1    -8689.4    -4855.4    764.9    615.3   1090.5 2024  1  7  3 25 17.800  1.3   1
      331  39.248494   97.248112    12.247    -4558.0     -322.5    -2813.3   1238.1   1149.6   3585.0 2024  1  7 15  8  4.900  2.2   1
      332  39.328959   97.323397    24.616     1939.7     8610.9     9554.2   1599.5   1029.6   1759.2 2024  1  7 18 30  4.400  2.0   1
      334  39.252934   97.268628    11.978    -2786.7      170.4    -3082.9    451.2    383.2    951.3 2024  1  7 19 52 44.400  2.7   1
      335  39.201294   97.294686     1.585     -537.5    -5562.9   -13476.9   1294.7   1150.6   1256.3 2024  1  7 20 12 49.900  1.8   1
      336  39.158854   97.366838    17.426     5694.5   -10274.4     2364.7   2676.7   2091.1   6755.9 2024  1  7 20 30  7.500  1.6   1
      337  39.201367   97.289209    10.294    -1010.4    -5554.8    -4767.3   1155.6    911.8   1458.7 2024  1  7 20 31 31.800  1.7   1
      338  39.209896   97.284326     6.560    -1432.0    -4607.7    -8501.4   2363.9   2627.9   2471.5 2024  1  7 20 42 13.300  3.3   1
      339  39.250838   97.299902     7.514      -86.8      -62.5    -7547.5   1310.2    930.7   1213.2 2024  1  7 20 45 58.500  2.0   1
      340  39.280827   97.274805    26.901    -2253.0     3266.9    11839.5    530.3    556.0    932.9 2024  1  7 21  9 42.300  2.3   1
      341  39.186658   97.281624    10.204    -1665.6    -7187.7    -4856.6    681.3    565.5    988.7 2024  1  8  0  6 37.400  1.8   1
      342  39.221029   97.251408    41.304    -4274.0    -3372.0    26243.1    916.7    813.1  12006.2 2024  1  8  3 41  1.100  1.5   1
      344  39.347229   97.319328    24.280     1588.9    10639.0     9218.6   1593.6    797.8    999.0 2024  1  8 19 31 12.300  1.5   1
      345  39.240169   97.268856    10.131    -2766.9    -1246.6    -4929.8    762.0    697.2   1131.6 2024  1  8 19 52 46.100  2.0   1
      346  39.235689   97.289347    25.589     -998.3    -1744.4    10527.1   1233.9    576.0   1002.1 2024  1  9  3 18 51.100  2.7   1
      349  39.270414   97.277856     2.161    -1989.5     2111.0   -12900.4   2400.6   2669.6   2493.9 2024  1 10 19 13 31.700  2.0   1
      350  39.348596   97.267961    14.203    -2842.1    10790.9     -857.7   1536.6   1492.8   3530.4 2024  1 11 16 21 59.000  1.6   1
      354  39.299552   97.260319    11.874    -3502.7     5345.9    -3187.2    767.4    878.5   2234.5 2024  1 15 15 51 26.500  2.3   1
      356  39.257145   97.232756     9.914    -5882.7      637.8    -5146.8    956.8    944.4   1501.1 2024  1 16 20  5 58.900  2.3   1
      359  39.220500   97.277694    11.695    -2004.7    -3430.8    -3366.0    690.2    527.8    934.1 2024  1 18  1 36 47.600  1.3   1
      363  39.242668   97.282349    11.484    -1602.1     -969.2    -3576.1    512.1    424.2    812.4 2024  1 19 20 57 48.200  2.0   1
      364  39.293156   97.292285    12.083     -744.6     4635.8    -2977.3    711.7    640.2   1349.4 2024  1 19 23 11  8.200  1.7   1
      365  39.248747   97.300342     9.236      -48.9     -294.7    -5824.9    532.6    725.2    746.8 2024  1 20 18 32  3.200  2.3   1
      368  39.287406   97.277327     9.863    -2035.5     3997.3    -5197.6    849.0    923.6   1171.3 2024  1 22 14 23 54.900  3.7   1
      369  39.179797   97.317244    11.417     1410.3    -7949.3    -3644.5    984.8    905.7   1865.6 2024  1 22 14 29 20.900  1.8   1
      370  39.285925   97.277856    10.160    -1989.6     3832.9    -4900.0   1250.7   1564.1   2029.9 2024  1 22 14 37 26.100  2.6   1
      371  39.290405   97.279281    25.598    -1866.7     4330.5    10536.1    772.3    881.9   1805.4 2024  1 22 14 40 21.700  2.5   1
      373  39.196220   97.295394    15.844     -476.8    -6126.3      782.5   1259.1   1122.1   4081.4 2024  1 23 13  2 12.300  1.4   1
      374  39.259770   97.268262     6.823    -2817.8      929.2    -8237.5   1109.6   1065.8   1035.3 2024  1 23 17  7 38.400  1.5   1
      376  39.367094   97.244157    12.448    -4894.9    12844.4    -2612.5   1302.5   1353.6   3144.0 2024  1 25 19 37 47.900  1.8   1
