        3  39.269145   97.295597    10.221     -458.5     1970.3    -4839.6   1531.0   2002.0   2295.7 2023 10 24  2 51 30.000  2.4   1
        4  39.204272   97.333789     7.650     2838.6    -5232.2    -7411.0   3714.8   1859.3   7171.4 2023 10 24  3 57 16.700  2.1   1
        6  39.371537   97.291642    19.790     -799.5    13338.0     4728.7   4752.0   5600.6  19536.6 2023 10 24 11 32 13.800  5.3   1
        7  39.247404   97.255151     5.479    -3950.4     -443.8    -9582.6   2957.5   1784.1   6376.1 2023 10 24 11 42 37.600  2.8   1
        8  39.379549   97.310425    26.914      820.3    14227.4    11852.4   6170.6   6818.2   9148.8 2023 10 24 11 44 18.800  2.8   1
        9  39.234111   97.297420    10.160     -301.2    -1919.3    -4901.2   1595.4   1370.7   5129.7 2023 10 24 11 48 17.400  2.1   1
       10  39.239921   97.316528     5.830     1348.2    -1274.4    -9231.9   2948.7   1862.2   6733.7 2023 10 24 11 49 44.200  1.9   1
       12  39.264848   97.346273    11.929     3915.4     1493.0    -3131.4   2851.2   2407.9   4900.3 2023 10 24 11 59 34.400  2.3   1
       14  39.166646   97.301310    11.900       34.1    -9409.5    -3161.6   2135.2   1706.3   7031.0 2023 10 24 12  3 42.900  2.2   1
       16  39.281934   97.249723     8.243    -4417.3     3390.1    -6818.1   1648.2   1940.0   8833.0 2023 10 24 12  5 45.900  2.0   1
       18  39.234591   97.284904    13.002    -1381.7    -1866.1    -2059.7   3181.2   2028.6  11950.2 2023 10 24 12 12 45.300  2.5   1
       20  39.279521   97.269629    15.301    -2699.8     3122.0      240.8   2240.3   2819.1   3692.8 2023 10 24 12 35 33.200  2.6   1
       21  39.255872   97.263346    11.764    -3242.3      496.4    -3296.1   2159.3   1598.8   3048.0 2023 10 24 12 48 58.800  1.8   1
       22  39.345402   97.197111    11.766    -8953.8    10436.0    -3294.5   6266.2   6787.4   9954.7 2023 10 24 12 54  4.600  1.6   1
       23  39.224093   97.279924    22.446    -1811.7    -3031.6     7384.5   2463.9   1997.7  12212.1 2023 10 24 12 57 15.200  3.6   1
       24  39.326921   97.287476    23.009    -1159.0     8384.2     7947.9   3378.9   3334.8   8689.8 2023 10 24 13  5 26.100  1.6   1
       26  39.276701   97.270076    25.931    -2661.4     2808.8    10869.6   2130.7   2181.4   3530.0 2023 10 24 13 15 53.000  2.3   1
       27  39.329260   97.299154    19.912     -151.3     8644.1     4850.6   2156.0   2387.5   3959.6 2023 10 24 13 21  9.000  2.0   1
       29  39.199536   97.330054     7.956     2516.1    -5757.7    -7106.0   2013.3   1424.0   9863.2 2023 10 24 13 27 49.400  1.6   1
       30  39.292818   97.281934    11.325    -1637.9     4598.2    -3735.5   2687.8   1659.0   3186.8 2023 10 24 13 29 34.400  2.1   1
       31  39.264063   97.281681    11.339    -1659.8     1406.0    -3721.5   1625.1   1465.4   2486.8 2023 10 24 13 43 30.900  1.5   1
       32  39.282076   97.279704    24.924    -1830.2     3405.7     9862.6   1902.8   2157.8   2980.6 2023 10 24 13 46 19.200  2.2   1
       33  39.294425   97.260254    25.084    -3508.6     4776.6    10022.9   3936.0   3768.8   5300.0 2023 10 24 14  3 32.500  1.9   1
       34  39.321916   97.321118    10.783     1743.0     7828.9    -4277.1   4231.9   2637.6   4882.4 2023 10 24 14  9 41.500  1.8   1
       35  39.269409   97.360661     7.013     5157.1     1999.6    -8047.6   6075.0   5319.9   5043.2 2023 10 24 14 13 32.600  2.0   1
       37  39.188542   97.383976     0.928     7173.5    -6978.5   -14133.1   3557.7   2259.5  11481.2 2023 10 24 14 48  0.300  1.5   1
       38  39.205196   97.304378    10.355      299.4    -5129.7    -4705.7   2180.9   1387.6   2314.0 2023 10 24 14 52 57.300  2.7   1
       42  39.243758   97.356453     7.437     4794.9     -848.6    -7624.3   4130.9   2693.7   9859.3 2023 10 24 15 40 25.800  1.5   1
       43  39.279268   97.268913    22.961    -2761.3     3094.1     7899.2   2053.2   2319.9  10501.9 2023 10 24 15 49 53.700  3.2   1
       44  39.246973   97.341309     8.829     3486.8     -491.3    -6232.0   3396.0   2456.4  10085.8 2023 10 24 16 35 36.800  1.6   1
       45  39.280436   97.333431    20.072     2806.2     3223.5     5010.3   6909.4   3499.8  10127.1 2023 10 24 16 46 27.100  1.6   1
       46  39.256836   97.263062    11.645    -3267.4      603.5    -3415.3   3747.8   3211.3   4468.2 2023 10 24 16 56  6.900  3.1   1
       47  39.278410   97.346558    13.708     3939.5     2998.8    -1352.8   3820.8   2975.4   8867.4 2023 10 24 17  8 15.800  2.3   1
       48  39.246480   97.337899    18.301     3192.6     -546.0     3239.4   2217.5   1812.2   6466.3 2023 10 24 17 26  9.000  1.6   1
       49  39.248649   97.312492    11.875      999.6     -305.5    -3185.3   1980.4   1377.3   2607.2 2023 10 24 17 33 41.000  2.6   1
       50  39.211165   97.266838    10.393    -2942.4    -4466.7    -4667.5   1721.7   1486.7   2564.5 2023 10 24 17 43  4.600  1.5   1
       51  39.195821   97.399780    10.471     8537.7    -6170.4    -4589.3   3943.6   3346.6   6514.6 2023 10 24 17 59 10.300  1.6   1
       52  39.124727   97.376457    12.143     6526.9   -14063.3    -2917.2   4936.1   3409.0   7045.4 2023 10 24 18 27  4.700  1.7   1
       53  39.280424   97.305884    22.282      429.1     3222.4     7220.4   1448.1   2738.9   3260.5 2023 10 24 18 43 20.400  2.1   1
       55  39.332528   97.298291    18.606     -226.3     9006.8     3544.7   2149.9   2425.0   5514.5 2023 10 24 19 14 56.600  2.0   1
       56  39.311169   97.331242    13.869     2617.3     6635.8    -1191.4   4105.0   2380.4   5606.9 2023 10 24 19 21 40.900  1.8   1
       57  39.199699   97.340153    11.602     3388.7    -5740.0    -3458.6   2253.1   2062.2   3282.2 2023 10 24 19 28 32.800  1.3   1
       58  39.285164   97.333976    20.266     2853.7     3748.8     5204.5   3958.7   1896.6   2948.1 2023 10 24 19 29 17.600  1.7   1
       60  39.262423   97.294531    24.519     -550.8     1223.7     9457.6   2121.3   1310.4   2483.0 2023 10 24 19 36 37.300  3.2   1
       61  39.247237   97.295752    11.261     -445.4     -462.1    -3799.2   1918.2   1345.2   2242.5 2023 10 24 19 47 39.800  1.1   1
       62  39.193831   97.245532    10.577    -4782.1    -6391.1    -4483.1   2289.3   2025.3   3419.3 2023 10 24 19 54  8.800  1.2   1
       63  39.263798   97.288379    13.473    -1081.4     1376.4    -1587.6   2053.5   1738.4   3163.6 2023 10 24 20 52 26.300  2.5   1
       65  39.318599   97.313867    13.109     1117.5     7460.7    -1951.4   1836.6   1708.2   3350.6 2023 10 24 21 27  6.600  1.8   1
       66  39.203422   97.296785    10.116     -356.6    -5326.7    -4944.5   1922.8   1597.7   2527.0 2023 10 24 21 45  8.300  1.1   1
       67  39.226538   97.278117    11.644    -1968.2    -2760.0    -3417.9   2245.1   1804.1   9369.5 2023 10 24 21 51 14.000  1.7   1
       68  39.332186   97.320052    12.248     1651.2     8969.1    -2812.5   4878.4   3455.1   7570.8 2023 10 24 22 34 42.800  1.5   1
       69  39.406425   97.324967    25.483     2074.4    17211.0    10421.9   5898.3   6166.7   8018.6 2023 10 24 22 39 47.300  1.6   1
       70  39.221440   97.340853    12.747     3448.4    -3326.3    -2314.1   1952.3   1571.1   5902.7 2023 10 24 22 57 19.100  1.4   1
       71  39.352356   97.283366    28.706    -1513.4    11208.0    13644.5   3360.0   3795.9   5712.6 2023 10 24 23 19 16.800  2.5   1
       72  39.265442   97.273966    18.742    -2326.0     1559.0     3680.1   2113.4   2540.8   8356.8 2023 10 25  0 28 26.100  3.4   1
       73  39.221041   97.254264    11.603    -4027.7    -3370.7    -3457.1   2595.6   1924.7   3849.4 2023 10 25  0 43 57.000  1.9   1
       74  39.379569   97.265104     9.939    -3088.2    14229.4    -5121.6   5110.2   5802.6   9109.5 2023 10 25  0 57 27.600  2.6   1
       75  39.267660   97.289640    13.813     -972.6     1805.2    -1248.3   3635.0   2485.8  10025.1 2023 10 25  1 13 17.200  2.7   1
       76  39.243213   97.330208     4.070     2529.3     -908.8   -10991.1   2847.1   1978.8   9336.5 2023 10 25  1 44 10.000  2.4   1
       77  39.347693   97.308813    10.695      681.9    10690.4    -4365.5   3977.8   4214.7   5396.0 2023 10 25  1 55  3.300  1.8   1
       78  39.192293   97.340226     9.869     3394.9    -6561.9    -5192.8   2690.7   1695.8   6686.7 2023 10 25  2  4 12.100  1.5   1
       79  39.239591   97.312061    11.198      962.4    -1310.8    -3862.6   1413.7   1199.0   2081.3 2023 10 25  2 35 25.000  1.4   1
       80  39.286816   97.308472    10.804      652.5     3931.8    -4256.2   1919.4   1727.2   2772.7 2023 10 25  2 38 12.200  1.7   1
       81  39.231877   97.273438    11.256    -2372.0    -2167.7    -3804.5   2826.7   1660.3   2834.8 2023 10 25  2 43  9.600  1.5   1
       82  39.185567   97.265015    13.977    -3099.9    -7308.9    -1084.6   2244.1   1896.3   7660.6 2023 10 25  4 41 44.300  1.8   1
       83  39.189368   97.271647     9.525    -2526.9    -6886.7    -5535.6   3454.5   2069.6   2970.9 2023 10 25  5  3 36.800  2.0   1
       84  39.227153   97.315975    11.629     1300.2    -2692.1    -3432.6   1733.3   1446.5   5432.4 2023 10 25  5 10 23.600  1.6   1
       86  39.243058   97.288184    10.781    -1098.4     -925.9    -4279.7   3139.4   1861.3   3155.7 2023 10 25  5 55 41.900  2.2   1
       87  39.313660   97.307471    11.589      565.7     6912.2    -3471.9   2192.7   2040.6   3649.3 2023 10 25  6 39 45.200  1.6   1
       88  39.242094   97.309806    12.477      767.7    -1033.0    -2584.9   2253.7   1855.2  17285.0 2023 10 25  6 57 24.500  3.0   1
       89  39.255583   97.340869    11.823     3448.9      464.5    -3237.5   3225.8   2283.1   5402.2 2023 10 25  7  5 33.700  1.3   1
       90  39.298291   97.347965    11.039     4060.2     5206.1    -4021.3   4028.3   2365.4   4430.8 2023 10 25  7 28 27.300  2.2   1
       91  39.287752   97.189689    11.186    -9598.1     4035.8    -3874.6   5111.4   5141.7   8304.7 2023 10 25  7 38 14.600  1.5   1
       92  39.305485   97.333293    19.411     2794.0     6004.5     4349.8   2827.6   2649.9   6273.0 2023 10 25  8 13 36.600  2.9   1
       94  39.205676   97.325806    15.376     2149.9    -5076.4      315.6   2376.2   1739.3   4061.8 2023 10 25  9 57 42.400  1.9   1
       95  39.228304   97.366748    15.136     5683.7    -2563.9       75.9   3945.1   2296.1   5358.5 2023 10 25 10  4 21.800  1.9   1
       96  39.282739   97.326221    27.837     2184.1     3479.1    12775.9   2467.0   1899.1   3838.6 2023 10 25 10 14  0.200  2.6   1
       97  39.247131   97.372363     9.610     6168.0     -473.7    -5450.5   3866.8   3261.6   4165.1 2023 10 25 10 26 59.000  1.7   1
       98  39.251103   97.270133    20.839    -2656.7      -33.2     5777.4   2855.8   3162.3   7263.3 2023 10 25 12 47 23.200  1.9   1
       99  39.244902   97.288590    10.103    -1063.9     -721.4    -4957.0   2325.0   2234.4   3646.3 2023 10 25 15 40 33.400  2.5   1
      100  39.251078   97.296395    11.017     -390.0      -35.5    -4043.5   1151.0   1344.7   2332.4 2023 10 25 17 31  4.400  2.2   1
      101  39.311300   97.312012    12.518      957.7     6650.1    -2542.4   6027.8   2546.7   5778.7 2023 10 25 18  2 29.300  1.5   1
      103  39.251400   97.327580     9.873     2302.3       -0.1    -5187.2   2176.4   1825.4   3723.5 2023 10 25 18 14 57.700  1.8   1
      104  39.330924   97.297835    16.185     -265.4     8828.8     1124.2   2207.7   2125.6   5131.4 2023 10 25 18 34 15.700  2.1   1
      105  39.296659   97.302799    10.173      162.7     5024.8    -4887.2   3496.7   2096.3   3082.5 2023 10 25 19  2  1.300  1.4   1
      106  39.254374   97.302938     8.014      174.8      330.2    -7047.6   2804.5   2141.7   7444.7 2023 10 25 19 16 19.600  1.5   1
      107  39.233398   97.355794     9.878     4738.1    -1998.5    -5183.9   2428.2   1947.7   7175.5 2023 10 25 19 21 59.900  1.3   1
      108  39.206079   97.293978    13.188     -598.8    -5031.7    -1873.4   1606.5   1343.6   5233.9 2023 10 25 19 35  5.700  1.0   1
      109  39.187675   97.286222    10.176    -1268.2    -7074.8    -4884.7   2802.5   1777.7   3116.6 2023 10 25 19 38 44.200  1.8   1
      110  39.236629   97.284212    13.289    -1441.8    -1639.6    -1772.4   2866.3   1537.5   5223.7 2023 10 25 19 58 31.900  2.3   1
      111  39.187492   97.327319     9.321     2280.8    -7095.2    -5740.9   2669.9   1718.7   7017.3 2023 10 25 20 48 49.400  1.7   1
      112  39.268282   97.303540    10.134      227.2     1874.4    -4926.2   2166.9   2648.1   5392.4 2023 10 25 21  4 11.500  3.1   1
      113  39.244076   97.276392    10.138    -2116.4     -813.3    -4922.7   2435.6   1859.5   2556.8 2023 10 25 21 46 10.000  3.4   1
      114  39.231091   97.315926     9.369     1295.9    -2254.5    -5691.4   2619.1   1588.8   2351.8 2023 10 25 22 57  9.700  1.9   1
      115  39.298576   97.298665    21.426     -193.6     5237.5     6364.0   2132.3   1947.2   3815.1 2023 10 26  0 51 24.300  2.2   1
      116  39.189844   97.360091     9.247     5110.3    -6833.9    -5813.4   3762.8   2568.0   3675.4 2023 10 26  1  1 45.300  2.0   1
      117  39.216545   97.311808    14.565      940.6    -3869.8     -495.8   1597.6   1537.0   3151.9 2023 10 26  2  9 38.700  1.6   1
      118  39.277401   97.304590    11.664      317.3     2886.6    -3396.3   1694.3   1633.0   2426.2 2023 10 26  3  7 15.000  3.1   1
      119  39.256771   97.268205    13.877    -2823.3      596.3    -1184.7   2026.6   1838.3   6660.7 2023 10 26  3 31  3.300  2.6   1
      120  39.290674   97.312492    25.665      999.0     4360.4    10603.7   3254.1   2552.0   4935.4 2023 10 26  3 48 24.900  2.7   1
      121  39.369633   97.316691    12.860     1361.2    13126.5    -2200.7   7044.8   6509.6  13627.5 2023 10 26  4 21 58.500  2.0   1
      122  39.178630   97.337231    10.858     3136.8    -8078.8    -4202.7   3393.8   2136.1   4450.7 2023 10 26  4 37  0.700  0.9   1
      123  39.333073   97.223901    11.644    -6643.8     9067.3    -3416.3   4651.4   4845.8   8996.8 2023 10 26  7 51 49.600  2.0   1
      124  39.363810   97.283919    20.491    -1465.3    12480.0     5429.3   2936.9   2618.6   4747.4 2023 10 26 14 25 23.200  1.9   1
      125  39.326660   97.267570    11.297    -2876.6     8355.3    -3764.6   2609.1   3182.1  19346.2 2023 10 26 15 41 50.400  1.9   1
      127  39.203613   97.332243    10.190     2705.7    -5305.1    -4870.1   2201.1   1755.8   2936.8 2023 10 27  1  9 57.100  2.0   1
      128  39.312065   97.239640     8.205    -5286.5     6734.9    -6855.3   3090.7   3786.1   3306.0 2023 10 27  5  3  3.800  3.6   1
      129  39.293787   97.323267     7.575     1928.8     4705.6    -7485.2   2142.5   2595.5   4358.4 2023 10 27  9  5 52.700  2.1   1
      130  39.256673   97.288371    24.095    -1082.2      585.5     9033.1   2026.7   1617.6   3427.5 2023 10 27 10 55 22.200  2.2   1
      132  39.187716   97.326449    25.920     2205.5    -7070.4    10858.8   2571.4   2090.5   8812.5 2023 10 28  5 58 22.300  1.8   1
      133  39.283008   97.316707    12.846     1363.5     3509.2    -2214.0   3530.9   2196.9   4272.2 2023 10 28  6 15 39.500  1.6   1
      134  39.244857   97.300863    20.897       -4.4     -726.4     5835.8   2397.0   1641.5   4323.6 2023 10 28  6 32 11.600  3.0   1
      135  39.291720   97.417204    21.322    10035.4     4476.5     6260.6   9974.2   5080.5   8742.5 2023 10 28  8 26 57.900  2.0   1
      138  39.192871   97.337956     7.304     3199.3    -6497.7    -7757.6   2834.1   1885.5   7619.4 2023 10 29  0 52 13.200  1.9   1
      139  39.194503   97.399080    10.839     8477.5    -6316.7    -4222.6   3297.5   2397.7   9280.5 2023 10 29  2 12 35.600  1.3   1
      140  39.214632   97.286702    21.486    -1226.5    -4082.0     6424.8   2960.4   2208.3   7177.7 2023 10 29  6  7 20.500  1.7   1
      142  39.257137   97.301383    10.150       40.4      637.1    -4910.4   1686.6   2201.7   3257.8 2023 10 29 17 16 40.000  3.5   1
      143  39.277970   97.316471    24.470     1343.2     2949.8     9408.0   2478.9   1803.5   3368.6 2023 10 29 18 49 42.800  2.0   1
      144  39.228459   97.261556    10.673    -3397.9    -2547.0    -4387.9   2052.4   1968.9   2498.7 2023 10 30  2  0 55.800  1.9   1
      145  39.296903   97.294124    14.672     -585.7     5051.7     -388.7   2215.1   2008.9   3349.6 2023 10 30 13  8 43.900  1.8   1
      146  39.184322   97.317310     0.712     1416.0    -7447.0   -14349.2   2519.3   1643.0  11856.0 2023 10 30 20 12 54.500  1.9   1
      147  39.261503   97.291960     6.687     -772.8     1121.9    -8374.6   3674.5   2949.3   7853.7 2023 10 30 23 34 47.100  1.5   1
      148  39.302877   97.247974    24.947    -4568.2     5715.2     9885.5   2149.6   2602.5   3852.0 2023 10 31  4 19 27.500  2.4   1
      149  39.175480   97.302051     1.400       98.2    -8428.5   -13661.6   2328.3   1936.0   9494.4 2023 10 31 23 44  8.300  1.9   1
      151  39.207418   97.283846    10.886    -1473.8    -4882.7    -4174.8   2961.8   1773.5   2391.4 2023 11  1  1 53 24.000  1.9   1
      152  39.251522   97.345728    25.650     3868.2       13.7    10588.7   3153.2   2745.9   4343.4 2023 11  1  6 35 15.300  2.3   1
      153  39.237773   97.297306    10.471     -311.3    -1512.8    -4589.5   1668.8   1562.2   2087.1 2023 11  1 17  8 43.300  1.7   1
      154  39.269706   97.330363    10.444     2542.1     2032.3    -4617.4   3659.5   2856.4   8839.3 2023 11  1 18 53  9.400  1.8   1
      155  39.278296   97.332414    23.593     2718.8     2986.0     8531.6   2323.5   1712.1   4937.5 2023 11  1 23 28 25.100  2.5   1
      156  39.332499   97.317082    22.393     1394.7     9003.7     7331.4   2296.5   1819.9   3721.5 2023 11  2  1 42 55.500  2.1   1
      157  39.282068   97.279004    11.592    -1890.4     3404.7    -3468.5   2829.0   1845.5   2757.7 2023 11  2  9 42 18.600  2.2   1
      159  39.293542   97.276888    11.729    -2072.8     4678.5    -3331.5   2043.9   1874.4   3996.7 2023 11  2 11 25 56.000  2.9   1
      160  39.218258   97.303776    25.978      247.1    -3679.4    10916.8   3172.7   2002.5   9087.5 2023 11  3 10 25 44.300  2.1   1
      161  39.246790   97.269409     9.393    -2719.2     -512.0    -5667.2   3531.0   2647.9   3247.4 2023 11  4 14 49 44.600  3.3   1
      162  39.243266   97.279956    11.402    -1808.8     -902.9    -3658.4   1858.8   1619.0   2791.6 2023 11  4 16  4  8.500  2.0   1
      163  39.274479   97.260059    19.743    -3526.0     2562.4     4681.4   2189.4   2492.4  17429.8 2023 11  5  4 59 54.600  3.7   1
      164  39.260954   97.270182    10.800    -2652.3     1060.7    -4260.3   1343.2   1743.2   2491.3 2023 11  5  5  1 26.900  2.6   1
      165  39.359009   97.229191    11.067    -6186.1    11946.7    -3994.5   4263.3   4458.8  15923.9 2023 11  5  9 11 43.600  2.0   1
      166  39.180448   97.420093     9.461    10292.8    -7876.8    -5599.0   6875.8   5263.9   6904.1 2023 11  5 10 11  3.200  1.6   1
      167  39.239380   97.279102    26.522    -1883.1    -1334.6    11460.8   4283.3   2842.5   6017.9 2023 11  5 13 10 47.500  2.0   1
      169  39.247778   97.305542    20.383      399.4     -401.9     5321.6   2317.4   2210.1   4710.5 2023 11  8  8 50 10.400  2.2   1
      171  39.352840   97.258073    12.333    -3695.0    11262.2    -2727.6   4280.5   4304.3   8140.7 2023 11  9 21 30  8.700  1.7   1
      172  39.208976   97.292236    20.829     -748.8    -4709.9     5767.6   2115.6   1826.7   5426.3 2023 11 12 21 49 16.100  2.1   1
      174  39.358993   97.293498    25.578     -639.1    11945.1    10516.2   5108.4   2108.2   2956.6 2023 11 13  5 32 47.500  2.3   1
      179  39.233008   97.266667     9.219    -2956.5    -2042.0    -5841.8   4264.0   2256.4   4610.8 2023 11 14 22 34 54.900  1.5   1
      180  39.323421   97.314787    27.072     1197.4     7996.0    12010.5   2463.5   1827.9   2942.7 2023 11 15 15 54 10.900  2.6   1
      181  39.274902   97.291203    10.707     -838.1     2609.1    -4353.4   1381.1   1549.4   3569.3 2023 11 15 18  7 50.300  2.4   1
      182  39.207629   97.352002     9.829     4411.7    -4859.2    -5231.4   3928.4   2227.0   3936.8 2023 11 15 19 42 14.500  2.2   1
      183  39.367224   97.291732    26.585     -791.9    12858.9    11523.1   2844.4   3273.7   5250.6 2023 11 16  6  6 14.700  2.0   1
      184  39.174809   97.363843     9.488     5435.1    -8503.2    -5572.6   3821.5   1843.0   3301.4 2023 11 16 14 19 15.400  1.6   1
      186  39.177409   97.348275     7.054     4090.1    -8214.5    -8007.2   3136.6   2136.2   8919.6 2023 11 18  3 34  0.700  2.0   1
      188  39.331604   97.268066    21.226    -2833.5     8904.2     6164.4   3382.9   3505.1   8372.6 2023 11 19  0 31 57.900  2.5   1
      189  39.282662   97.300537    10.273      -32.0     3470.7    -4787.2   3052.8   4070.2   4782.4 2023 11 19 15  2 23.100  2.2   1
      190  39.319356   97.323055    25.911     1910.8     7544.4    10849.8   2589.1   2334.8   3827.0 2023 11 19 18 51 30.600  2.1   1
      191  39.304911   97.313118    22.496     1053.3     5940.8     7434.6   2434.8   3032.7   4806.4 2023 11 20  4 46  2.900  2.5   1
      192  39.179806   97.289469    13.648     -988.0    -7948.4    -1412.7   3839.0   2264.4   5803.7 2023 11 21 17 22 55.500  1.5   1
      203  39.280265   97.296509     9.785     -379.8     3204.8    -5275.8   2417.8   2542.8   3822.3 2023 11 26 20 56 46.900  2.4   1
      206  39.246265   97.291089    12.706     -847.6     -570.2    -2354.8   1824.1   1775.7   4459.2 2023 11 27 20 51 22.400  2.1   1
      207  39.279679   97.313411    20.429     1078.8     3139.8     5367.2   2260.8   1711.9   3206.7 2023 12  1 12 28 14.600  2.6   1
      208  39.273792   97.278727    10.140    -1914.4     2485.8    -4921.0   2228.3   3206.9   4445.2 2023 12  1 14 55 55.500  5.3   1
      209  39.222664   97.292879    10.349     -693.1    -3190.4    -4711.5   3040.5   3447.1   3597.7 2023 12  1 15  4 48.700  3.7   1
      210  39.276152   97.317513    24.878     1432.7     2747.9     9816.3   1603.9   1788.5   3534.8 2023 12  1 15  8 30.100  3.0   1
      211  39.259652   97.263574    10.357    -3222.4      916.2    -4703.7   2038.2   1811.6   3074.5 2023 12  1 15 17 53.400  1.9   1
      212  39.251843   97.306340    25.042      468.8       49.3     9980.5   2367.8   1402.3   2566.7 2023 12  1 15 19 17.000  2.7   1
      213  39.174886   97.330461     9.064     2552.1    -8494.4    -5996.8   3403.8   2110.2   3126.7 2023 12  1 15 25 40.600  1.5   1
      214  39.289539   97.299178    27.928     -149.9     4234.1    12866.2   4665.8   2478.1   3996.3 2023 12  1 15 28 58.000  2.2   1
      216  39.243412   97.270874     7.098    -2592.6     -886.8    -7962.2   3823.9   2948.7   3003.7 2023 12  1 15 36 41.300  3.3   1
      217  39.345015   97.254875    12.215    -3971.4    10393.1    -2845.6   4050.5   4469.7   8290.6 2023 12  1 15 52  1.400  3.8   1
      218  39.201331   97.321720     6.993     1796.9    -5558.9    -8068.2   1896.8   1443.8   8880.3 2023 12  1 15 57 21.000  1.4   1
      219  39.237276   97.299243     9.964     -144.0    -1568.1    -5096.1   2362.4   1955.4   3211.3 2023 12  1 15 58 41.600  2.2   1
      220  39.176152   97.324194    16.016     2010.8    -8354.3      954.9   2474.4   1729.4  13125.9 2023 12  1 16  2 25.600  1.6   1
      221  39.249308   97.276009    22.130    -2149.9     -232.0     7069.0   2643.6   2059.8   5048.9 2023 12  1 16  7 15.600  3.5   1
      222  39.227494   97.276831    28.796    -2079.2    -2654.0    13734.2   2453.3   1884.5   8214.1 2023 12  1 16  8 47.200  3.6   1
      223  39.202128   97.286637    23.492    -1232.3    -5470.0     8430.8   3299.4   2871.1   5270.0 2023 12  1 16 11 55.900  2.0   1
      224  39.309302   97.293579    11.811     -632.4     6428.2    -3249.7   3730.0   2319.8   3635.3 2023 12  1 16 12 52.500  2.2   1
      225  39.249609   97.294084    25.905     -589.6     -198.8    10844.0   1375.1   1533.4   3111.2 2023 12  1 16 29 27.900  2.2   1
      226  39.233622   97.295817    19.140     -440.1    -1973.7     4079.0   2778.1   2347.4   5751.7 2023 12  1 16 31 53.400  2.9   1
      227  39.246663   97.297632    11.072     -283.0     -525.7    -3988.2   1460.7   1388.3   2491.9 2023 12  1 16 38 23.100  1.7   1
      228  39.175480   97.271102    23.374    -2574.4    -8428.8     8312.8   4609.2   3901.9   7791.1 2023 12  1 16 53 56.900  1.4   1
      230  39.249084   97.295036    13.062     -507.3     -257.1    -1998.6   2722.1   1932.1   4056.8 2023 12  1 17 10 47.400  1.9   1
      231  39.270630   97.294027    10.476     -594.4     2134.8    -4584.3   2802.4   3211.7   3149.3 2023 12  1 17 17  2.700  2.0   1
      233  39.292480   97.252360     9.230    -4190.0     4561.0    -5830.5   3642.9   3073.1   4600.9 2023 12  1 18  0 55.500  1.4   1
      234  39.229598   97.261060    10.443    -3440.7    -2420.5    -4618.0   1410.9   1308.8   2478.9 2023 12  1 18  5 32.900  1.4   1
      235  39.214681   97.282894    10.939    -1555.9    -4076.5    -4121.3   1963.0   1671.1   3391.5 2023 12  1 18  8  4.400  1.6   1
      236  39.232149   97.243791    25.338    -4931.4    -2137.4    10276.4   3579.0   3432.4   5985.6 2023 12  1 18 11 48.700  1.8   1
      237  39.304561   97.312760    24.543     1022.4     5902.0     9481.5   1441.9   1824.5   3296.9 2023 12  1 18 14 16.700  2.6   1
      238  39.176501   97.293123    10.225     -672.3    -8315.3    -4835.7   2396.7   2142.2   2922.1 2023 12  1 18 18 42.800  1.2   1
      239  39.236324   97.244621    10.761    -4859.5    -1673.6    -4299.5   2325.4   2103.9   3728.8 2023 12  1 18 24 42.000  1.6   1
      240  39.185262   97.303556    22.485      228.3    -7342.6     7423.9   3235.5   2539.3  13782.5 2023 12  1 18 27 32.800  1.2   1
      241  39.145386   97.328215     5.731     2358.8   -11769.5    -9330.2   3174.2   2263.9  16245.5 2023 12  1 18 29 33.300  2.0   1
      242  39.230652   97.261564    13.780    -3397.0    -2303.5    -1280.7   2311.2   1834.1   4243.9 2023 12  1 18 41 53.500  1.6   1
      243  39.221871   97.264616    15.036    -3133.6    -3278.2      -24.8   2963.3   1817.7   3648.8 2023 12  1 18 48 24.000  2.7   1
      244  39.248307   97.327165    10.614     2266.3     -343.1    -4446.7   1601.2   1374.3   2499.7 2023 12  1 18 57 51.200  1.7   1
      245  39.225094   97.290527     9.934     -896.4    -2920.3    -5126.4   1461.9   1374.3   2044.7 2023 12  1 19  6 17.900  1.6   1
      246  39.165991   97.402490    10.425     8773.3    -9482.0    -4635.4   6013.4   4391.8   9241.2 2023 12  1 19 24 19.400  1.5   1
      247  39.239868   97.297729    35.520     -274.3    -1280.4    20458.1   2131.9   1869.7  11894.3 2023 12  1 19 27 31.300  2.0   1
      248  39.192684   97.298031    10.166     -248.6    -6518.4    -4894.5   2620.0   1656.5   2598.0 2023 12  1 19 28 37.600  2.0   1
      249  39.195565   97.297689    11.970     -278.2    -6198.7    -3090.4   2733.1   1512.4   3372.9 2023 12  1 19 30  0.400  1.8   1
      250  39.248067   97.282308     4.747    -1606.0     -369.8   -10314.7   4000.7   1955.6   9216.9 2023 12  1 19 43 42.200  1.6   1
      251  39.257812   97.239119    12.001    -5333.4      712.0    -3060.4   1750.6   1634.5   7381.8 2023 12  1 20  3 53.300  1.7   1
      252  39.221916   97.274740     8.119    -2259.5    -3273.4    -6942.6   2865.0   1782.0   5553.1 2023 12  1 20  6 36.400  1.5   1
      253  39.300456   97.272290    27.739    -2469.4     5446.3    12677.7   2698.5   1952.8   2772.8 2023 12  1 20 30  7.600  2.6   1
      254  39.284310   97.311564    22.085      919.5     3653.8     7023.3   7309.3   2875.1   5778.1 2023 12  1 20 56  5.200  1.2   1
      255  39.178963   97.390324    11.630     7721.9    -8041.8    -3431.4   3537.5   2628.9  16129.6 2023 12  1 22  5 54.400  1.3   1
      256  39.210091   97.310409    11.080      820.1    -4586.3    -3981.0   1832.9   1493.0   2978.2 2023 12  1 22 35 37.200  1.4   1
      257  39.206995   97.280168    34.086    -1791.1    -4929.8    19024.3   4513.2   3338.1  12560.9 2023 12  1 22 45 18.800  1.3   1
      258  39.232279   97.391569    11.578     7826.2    -2122.5    -3482.1   3964.0   3170.4   6538.7 2023 12  1 23  4 48.600  1.2   1
      259  39.172184   97.286450    10.564    -1248.8    -8794.5    -4497.0   3318.6   1915.0   3140.0 2023 12  1 23 13 56.100  1.4   1
      260  39.286987   97.273527    10.696    -2363.5     3950.9    -4364.4   2227.4   1835.5   2929.3 2023 12  1 23 24 57.200  1.5   1
      261  39.202730   97.330477    32.464     2552.8    -5403.2    17402.8   2804.6   2965.2  11295.3 2023 12  1 23 31 38.900  1.8   1
      262  39.237504   97.313265     2.314     1066.7    -1542.6   -12747.4   2195.9   2689.6  14817.3 2023 12  2  0 44 44.700  1.9   1
      263  39.234672   97.302075    21.435      100.2    -1857.2     6373.1   2260.6   1714.4  13332.4 2023 12  2  0 55 44.100  2.4   1
      264  39.242204   97.294596     8.910     -545.4    -1021.1    -6150.4   1913.3   1824.8   3272.3 2023 12  2  0 59 26.900  2.5   1
      266  39.384973   97.277254    10.425    -2040.3    14829.5    -4635.2   4527.8   4894.8   7883.4 2023 12  2  1  8 22.300  1.7   1
      267  39.263574   97.313086    10.938     1050.8     1351.7    -4122.2   2291.3   1624.8   3062.8 2023 12  2  1 26 41.400  2.0   1
      268  39.263257   97.377962    10.232     6650.2     1316.3    -4828.0   3791.9   3966.5   5624.1 2023 12  2  2 54 28.900  1.5   1
      269  39.155037   97.313151     1.411     1057.3   -10698.1   -13650.7   3711.6   2476.9  15446.2 2023 12  2  3  9  0.200  1.6   1
      272  39.274361   97.307389    11.829      558.8     2549.0    -3231.2   2686.2   1638.8   4557.4 2023 12  2  4 55 41.100  2.4   1
      273  39.297957   97.378605    13.326     6704.4     5168.7    -1735.4   8314.1   3878.4  12027.7 2023 12  2  7 23 56.600  1.3   1
      274  39.258630   97.388021     3.351     7519.1      802.7   -11710.9   5977.7   4513.6  23046.9 2023 12  2  7 53 29.100  1.5   1
      276  39.205042   97.371965     5.016     6135.2    -5146.9   -10045.0   4150.7   2821.0  21571.2 2023 12  2 10 25  6.400  1.7   1
      277  39.240100   97.283577     5.032    -1496.1    -1254.5   -10030.0   1825.2   1542.3  10944.6 2023 12  2 16 45 52.400  2.8   1
      278  39.228959   97.293424    31.612     -646.5    -2491.2    16550.7   2373.8   1909.3  10053.1 2023 12  2 22 35 50.700  2.2   1
      280  39.175964   97.302214    10.276      112.7    -8374.8    -4785.2   2557.7   2649.1  12137.4 2023 12  3  8  5 21.000  1.6   1
      281  39.196122   97.266219    12.812    -2995.8    -6136.9    -2249.2   2195.5   1726.8  15751.5 2023 12  3 15 10  8.200  2.5   1
      282  39.251298   97.283683    21.754    -1487.0      -11.3     6692.8   1566.8   1416.0   3278.7 2023 12  4  0 44 22.600  2.1   1
      283  39.190279   97.279492    10.427    -1849.7    -6785.4    -4633.0   2903.5   1904.5   3324.2 2023 12  4  3 26 41.700  2.6   1
      284  39.202869   97.264030    10.625    -3184.4    -5387.9    -4435.8   1674.4   1438.7   2486.1 2023 12  4 13 46 33.500  1.8   1
      285  39.237740   97.287142     8.358    -1188.6    -1516.3    -6702.6   3035.2   2568.3   2924.5 2023 12  5  2 43 53.200  2.6   1
      286  39.201603   97.345028     9.114     3809.4    -5528.7    -5947.0   3554.4   2440.3   4820.6 2023 12  5  7 54 56.300  2.4   1
      287  39.337040   97.282666    26.162    -1574.2     9508.0    11100.1   2501.6   2817.3   3654.7 2023 12  6  3 38 47.500  1.6   1
      288  39.232646   97.280656     7.921    -1748.5    -2082.3    -7140.3   1647.7   1452.9   5953.7 2023 12  6 13 24 13.300  1.6   1
      290  39.160059   97.316097     9.861     1311.5   -10140.7    -5199.3   4054.1   2020.1   4049.2 2023 12  7 12 28 34.600  1.6   1
      292  39.233012   97.312516     2.108     1001.8    -2041.4   -12953.1   2376.8   1676.6   7234.4 2023 12  9  2 19 11.300  2.4   1
      294  39.297111   97.298853    16.280     -177.3     5074.8     1219.8   1648.7   1957.2   3995.3 2023 12  9 22 43 44.000  2.2   1
      296  39.265234   97.275171     5.732    -2222.0     1535.7    -9329.9   2944.0   3094.0  12015.9 2023 12 12  8 55 43.700  1.7   1
      297  39.281991   97.292676    26.889     -710.6     3396.4    11827.6   2295.8   1575.4   3212.8 2023 12 13  8 18 57.600  3.3   1
      298  39.242342   97.349845     9.642     4224.2    -1005.6    -5418.8   3101.7   1940.1   3783.7 2023 12 13 18 49  1.300  2.2   1
      300  39.277572   97.288957    25.158    -1031.7     2905.7    10096.8   2428.4   1303.3   2320.0 2023 12 16  7 28  0.500  2.5   1
      301  39.265100   97.272306    22.807    -2469.0     1521.0     7745.0   1995.6   2149.0   4194.8 2023 12 17  0 42 33.300  2.5   1
      303  39.277905   97.277482    12.071    -2022.4     2942.6    -2989.3   1638.8   2310.8   2899.5 2023 12 17 15  5 19.100  2.7   1
      304  39.271391   97.270955    26.002    -2585.7     2219.6    10940.6   2144.1   1693.0   3286.2 2023 12 17 19 56 43.300  2.4   1
      305  39.200480   97.306909    12.643      518.0    -5653.3    -2417.2   2229.7   1809.3   3329.6 2023 12 18  6  2 32.600  3.2   1
      306  39.214233   97.246102    18.014    -4732.4    -4126.3     2952.3   2219.6   1964.7   6294.6 2023 12 18  6 46 48.100  2.3   1
      307  39.236678   97.281543    10.639    -1672.3    -1634.3    -4421.5   2337.0   2489.2   3637.8 2023 12 19 13 36 49.200  2.2   1
      308  39.219283   97.317497     1.555     1432.2    -3565.7   -13506.7   2501.4   1741.2   8253.4 2023 12 21 21 36 19.300  1.9   1
      309  39.293644   97.261735    23.259    -3380.9     4690.0     8197.3   2691.2   2083.1   3907.5 2023 12 22  9  8  6.200  2.2   1
      310  39.166589   97.311214    11.835      889.7    -9415.7    -3226.0   2032.2   1603.5   9229.5 2023 12 22 23  5 17.300  1.6   1
      312  39.254993   97.274504    11.575    -2279.3      399.0    -3485.8   1990.8   1146.5   2667.0 2023 12 27  9 40 17.500  2.2   1
      314  39.333573   97.270549    23.082    -2619.4     9122.9     8020.7   3099.0   3475.4   6983.1 2023 12 27 14 25 44.600  2.3   1
      318  39.243254   97.328743     9.555     2402.3     -904.4    -5505.8   2570.0   1562.8   2821.2 2023 12 31 18 29 58.500  0.8   1
      320  39.222135   97.320052     9.579     1652.5    -3249.1    -5482.9   2528.6   2455.7  10172.9 2024  1  4  3 26 22.800  1.7   1
      321  39.279712   97.304492    28.031      309.1     3143.1    12969.6   3565.4   2594.1   3398.9 2024  1  4  3 27 32.600  2.6   1
      324  39.308960   97.283480    11.562    -1503.8     6390.5    -3498.5   2503.3   2915.8   4215.3 2024  1  4 15 27 42.400  2.0   1
      327  39.235022   97.264608    11.719    -3134.4    -1818.4    -3341.8   1976.9   1857.5   4418.1 2024  1  6  4 52 16.900  2.2   1
      329  39.173840   97.277490    10.459    -2022.5    -8610.7    -4601.6   3075.1   1974.9   4062.0 2024  1  7  3 25 17.800  1.3   1
      331  39.246517   97.245508    16.349    -4782.3     -542.3     1288.1   2031.6   1820.7   3874.1 2024  1  7 15  8  4.900  2.2   1
      332  39.333626   97.310620    23.925      837.3     9128.9     8863.2   3646.4   3182.3   4947.6 2024  1  7 18 30  4.400  2.0   1
      334  39.253320   97.269043    12.205    -2750.9      213.1    -2855.8   1485.8   1415.9   2470.0 2024  1  7 19 52 44.400  2.7   1
      335  39.199060   97.299951     1.495      -83.1    -5810.8   -13566.3   2904.0   1945.6   9511.2 2024  1  7 20 12 49.900  1.8   1
      336  39.159172   97.367578    17.278     5758.5   -10239.3     2216.3   2873.6   2028.8  10130.7 2024  1  7 20 30  7.500  1.6   1
      337  39.197327   97.292424     9.141     -732.7    -6003.3    -5920.5   2765.4   1917.4   6424.9 2024  1  7 20 31 31.800  1.7   1
      338  39.200264   97.281063     5.563    -1714.2    -5677.2    -9498.9   2525.3   1856.1   9253.1 2024  1  7 20 42 13.300  3.3   1
      339  39.249080   97.290218     7.349     -923.2     -257.4    -7712.0   2846.4   3059.3   7435.1 2024  1  7 20 45 58.500  2.0   1
      340  39.281067   97.274894    26.803    -2245.5     3293.7    11741.5   1848.2   1837.1   3121.3 2024  1  7 21  9 42.300  2.3   1
      341  39.187349   97.282910    10.438    -1554.4    -7111.1    -4622.4   1822.1   1509.9   2641.2 2024  1  8  0  6 37.400  1.8   1
      342  39.222192   97.253312    13.131    -4109.8    -3242.8    -1929.4   2198.8   1950.4   4874.2 2024  1  8  3 41  1.100  1.5   1
      344  39.348096   97.319832    24.488     1631.8    10735.4     9426.9   3367.3   2178.2   3970.2 2024  1  8 19 31 12.300  1.5   1
      345  39.239217   97.270573     9.764    -2618.8    -1352.5    -5296.1   3053.1   2194.4   3076.9 2024  1  8 19 52 46.100  2.0   1
      346  39.235531   97.287817    25.701    -1130.6    -1761.9    10639.9   4564.2   2270.5   3704.1 2024  1  9  3 18 51.100  2.7   1
      349  39.258984   97.271769     1.058    -2515.6      842.1   -14003.4   1823.4   2554.9  18654.4 2024  1 10 19 13 31.700  2.0   1
      350  39.346183   97.275716    12.665    -2173.1    10522.8    -2395.9   3077.4   3452.2   7566.7 2024  1 11 16 21 59.000  1.6   1
      354  39.297384   97.257715    11.675    -3727.5     5105.1    -3386.3   2005.2   2238.2   9734.2 2024  1 15 15 51 26.500  2.3   1
      356  39.258187   97.233415    10.151    -5825.8      753.3    -4909.2   2235.5   2210.6   3940.8 2024  1 16 20  5 58.900  2.3   1
      359  39.219527   97.279590    11.347    -1841.1    -3538.5    -3713.3   2759.8   1584.6   2596.8 2024  1 18  1 36 47.600  1.3   1
      363  39.242961   97.282251    11.542    -1610.7     -936.8    -3518.3   1978.7   1944.6   3892.2 2024  1 19 20 57 48.200  2.0   1
      364  39.293302   97.293392    12.359     -649.1     4652.0    -2701.5   2112.5   1753.7   3146.9 2024  1 19 23 11  8.200  1.7   1
      365  39.250765   97.301164     9.527       21.9      -70.3    -5533.8   1924.8   2392.2   2642.6 2024  1 20 18 32  3.200  2.3   1
      368  39.289107   97.273625     9.875    -2354.9     4186.1    -5185.6   2807.8   2964.8   4100.9 2024  1 22 14 23 54.900  3.7   1
      369  39.178910   97.318604    11.014     1527.9    -8047.6    -4047.3   2699.9   2100.2   6915.9 2024  1 22 14 29 20.900  1.8   1
      370  39.287736   97.270866    11.103    -2592.9     4034.2    -3957.8   3372.5   4041.1   6025.1 2024  1 22 14 37 26.100  2.6   1
      371  39.291585   97.276278    26.430    -2125.5     4461.3    11368.4   2393.9   2289.1   4479.6 2024  1 22 14 40 21.700  2.5   1
      373  39.197465   97.298690    17.585     -192.1    -5987.7     2523.1   3771.1   3104.3   9071.8 2024  1 23 13  2 12.300  1.4   1
      374  39.261283   97.270483     6.987    -2626.4     1097.3    -8073.2   2570.0   2730.4   2515.9 2024  1 23 17  7 38.400  1.5   1
      376  39.366622   97.244092    12.300    -4900.9    12792.2    -2760.7   4108.3   4303.6   7957.2 2024  1 25 19 37 47.900  1.8   1
