        3  39.271309   97.294637    10.200     -541.2     2210.4    -4860.4    455.6    697.1    605.3 2023 10 24  2 51 30.000  2.4   1
        4  39.210327   97.321989     8.647     1819.6    -4559.7    -6414.4   1122.3    831.7   1096.3 2023 10 24  3 57 16.700  2.1   1
        7  39.251917   97.263525     5.862    -3227.2       57.3    -9199.6   1164.4   1032.5    992.3 2023 10 24 11 42 37.600  2.8   1
        9  39.237280   97.302979    11.416      178.4    -1567.6    -3645.8    527.4    450.9    913.8 2023 10 24 11 48 17.400  2.1   1
       10  39.243050   97.316667     6.170     1360.1     -927.2    -8892.0    860.0    813.4    834.7 2023 10 24 11 49 44.200  1.9   1
       12  39.265951   97.344279    12.437     3743.3     1615.7    -2623.3   1109.4    936.9   1906.6 2023 10 24 11 59 34.400  2.3   1
       14  39.165816   97.299634    11.505     -110.3    -9501.4    -3556.0    740.8    591.0   1224.3 2023 10 24 12  3 42.900  2.2   1
       16  39.286617   97.254061     8.848    -4043.1     3909.8    -6213.6    850.5   1004.7   1081.9 2023 10 24 12  5 45.900  2.0   1
       20  39.278434   97.277889    10.641    -1987.0     3001.4    -4419.6    797.1    963.0   5681.8 2023 10 24 12 35 33.200  2.6   1
       21  39.256779   97.262907    11.930    -3280.1      597.0    -3130.1    583.6    553.1    834.5 2023 10 24 12 48 58.800  1.8   1
       22  39.346700   97.198527    12.240    -8831.6    10580.2    -2820.3   1588.1   1725.2   3128.6 2023 10 24 12 54  4.600  1.6   1
       23  39.225765   97.286580    22.536    -1237.4    -2845.8     7474.7    827.0    793.9   1733.7 2023 10 24 12 57 15.200  3.6   1
       24  39.334058   97.300708    27.319      -17.4     9176.6    12257.1   1381.0   1321.3   3358.7 2023 10 24 13  5 26.100  1.6   1
       26  39.278951   97.270133    26.190    -2656.2     3058.6    11128.4    609.0    568.9    750.1 2023 10 24 13 15 53.000  2.3   1
       27  39.332446   97.294775    17.034     -529.6     8997.7     1972.7    716.5    805.8   1966.4 2023 10 24 13 21  9.000  2.0   1
       29  39.202018   97.334155     8.318     2870.7    -5482.6    -6743.3    820.1    671.7    877.6 2023 10 24 13 27 49.400  1.6   1
       30  39.293140   97.275806    11.146    -2166.1     4634.1    -3914.4    743.5    430.0   1048.0 2023 10 24 13 29 34.400  2.1   1
       31  39.264884   97.282983    11.700    -1547.4     1497.3    -3361.0    518.8    467.4    928.9 2023 10 24 13 43 30.900  1.5   1
       32  39.278776   97.286296    25.244    -1261.6     3039.5    10182.0    859.1    899.1   1057.8 2023 10 24 13 46 19.200  2.2   1
       33  39.303316   97.270785    23.449    -2599.9     5764.0     8387.0   1656.6   1145.3   2343.6 2023 10 24 14  3 32.500  1.9   1
       34  39.321098   97.318693    10.467     1534.4     7737.9    -4593.1   1248.8    610.2   1083.4 2023 10 24 14  9 41.500  1.8   1
       35  39.271004   97.362614     7.196     5325.0     2176.3    -7864.2   1630.3   1444.1   1602.2 2023 10 24 14 13 32.600  2.0   1
       38  39.204582   97.305363    10.194      384.3    -5197.9    -4866.4    517.9    390.7    678.1 2023 10 24 14 52 57.300  2.7   1
       42  39.252087   97.349764     8.766     4217.1       76.3    -6295.4   1377.8    863.7   1136.9 2023 10 24 15 40 25.800  1.5   1
       43  39.281868   97.266927    22.542    -2933.0     3382.7     7480.3   1164.3   1437.2   2811.0 2023 10 24 15 49 53.700  3.2   1
       44  39.252743   97.334456    10.246     2895.9      149.1    -4815.1   1267.6    704.1   1173.4 2023 10 24 16 35 36.800  1.6   1
       45  39.286161   97.315853    19.236     1289.7     3859.4     4174.5   1522.4   1167.9   2589.3 2023 10 24 16 46 27.100  1.6   1
       46  39.252580   97.266366    10.721    -2981.8      130.8    -4339.1    924.1    690.9   1159.4 2023 10 24 16 56  6.900  3.1   1
       48  39.248494   97.342017    19.266     3548.4     -322.6     4204.7   1200.6    984.9   3308.5 2023 10 24 17 26  9.000  1.6   1
       49  39.248698   97.311182    11.800      886.4     -300.1    -3260.5    710.0    463.5    851.8 2023 10 24 17 33 41.000  2.6   1
       50  39.211487   97.267383    10.498    -2895.0    -4431.2    -4562.1    645.6    558.2    962.4 2023 10 24 17 43  4.600  1.5   1
       51  39.191101   97.402450    10.057     8768.6    -6694.2    -5003.9   1213.4   1058.3   1562.3 2023 10 24 17 59 10.300  1.6   1
       53  39.276009   97.308211    21.117      629.7     2732.1     6055.4    863.2    951.8   1165.8 2023 10 24 18 43 20.400  2.1   1
       55  39.331958   97.298633    19.255     -196.5     8943.5     4193.7    686.9    804.5   1730.0 2023 10 24 19 14 56.600  2.0   1
       56  39.311576   97.336857    16.271     3101.2     6680.6     1210.4   2089.1   1872.5   4459.8 2023 10 24 19 21 40.900  1.8   1
       57  39.198372   97.341309    10.753     3488.2    -5887.3    -4307.7    747.9    709.6   1501.7 2023 10 24 19 28 32.800  1.3   1
       58  39.284033   97.334334    19.322     2884.0     3622.8     4260.0    644.7    583.2   1369.7 2023 10 24 19 29 17.600  1.7   1
       60  39.261483   97.294246    24.732     -575.0     1119.4     9670.5    452.4    340.6    755.9 2023 10 24 19 36 37.300  3.2   1
       61  39.247343   97.291854    11.111     -781.8     -450.3    -3949.2    699.0    438.7    826.3 2023 10 24 19 47 39.800  1.1   1
       62  39.195056   97.244906    10.772    -4836.3    -6255.4    -4288.6    982.6    882.4   1436.9 2023 10 24 19 54  8.800  1.2   1
       65  39.323922   97.321802     6.218     1802.3     8051.6    -8842.1   3579.9   3325.4   3109.5 2023 10 24 21 27  6.600  1.8   1
       66  39.202930   97.295866     9.949     -435.8    -5381.4    -5111.6    560.6    465.7    814.0 2023 10 24 21 45  8.300  1.1   1
       67  39.226550   97.278727    11.712    -1915.3    -2758.6    -3349.6    688.3    600.9   1188.5 2023 10 24 21 51 14.000  1.7   1
       68  39.331201   97.319238    11.624     1580.9     8859.7    -3436.4   1317.3    710.9   1604.4 2023 10 24 22 34 42.800  1.5   1
       71  39.351729   97.283293    28.777    -1520.1    11138.8    13715.4    764.1    634.2    801.6 2023 10 24 23 19 16.800  2.5   1
       72  39.269198   97.272518    16.714    -2450.9     1976.0     1652.7   1065.9   1363.8   3779.6 2023 10 25  0 28 26.100  3.4   1
       73  39.220675   97.258708    11.505    -3643.8    -3410.9    -3555.7    994.0    719.6   1446.6 2023 10 25  0 43 57.000  1.9   1
       74  39.381868   97.267684    10.526    -2865.8    14484.8    -4534.3   1515.7   1621.9   2705.6 2023 10 25  0 57 27.600  2.6   1
       75  39.271488   97.286222    19.002    -1267.9     2230.3     3940.1   2888.9   2614.0   5501.6 2023 10 25  1 13 17.200  2.7   1
       76  39.244450   97.327010     4.158     2253.1     -771.7   -10903.6   1118.3   1024.6    858.7 2023 10 25  1 44 10.000  2.4   1
       77  39.350016   97.311841    11.333      943.0    10948.3    -3727.4   1221.8   1189.8   2568.4 2023 10 25  1 55  3.300  1.8   1
       78  39.194763   97.337533    10.669     3162.4    -6287.9    -4392.6   1126.8    621.7   1105.6 2023 10 25  2  4 12.100  1.5   1
       79  39.240043   97.312866    11.405     1032.2    -1260.6    -3655.4    487.0    412.7    838.9 2023 10 25  2 35 25.000  1.4   1
       80  39.287585   97.309701    11.114      758.3     4017.2    -3946.3    532.8    478.4   1090.5 2023 10 25  2 38 12.200  1.7   1
       81  39.232406   97.273348    11.495    -2379.2    -2108.6    -3565.8    457.0    486.5    986.6 2023 10 25  2 43  9.600  1.5   1
       82  39.185364   97.264657    14.636    -3131.2    -7331.2     -425.2   1218.3   1029.1   4784.8 2023 10 25  4 41 44.300  1.8   1
       83  39.189775   97.271460     9.778    -2543.5    -6841.5    -5282.3    627.2    558.9    929.6 2023 10 25  5  3 36.800  2.0   1
       84  39.229268   97.319897    12.780     1639.3    -2457.2    -2281.5    685.9    570.1   1457.7 2023 10 25  5 10 23.600  1.6   1
       86  39.242346   97.298779    10.610     -183.8    -1005.3    -4450.3   1313.8    600.6    997.3 2023 10 25  5 55 41.900  2.2   1
       87  39.315503   97.310205    12.703      802.1     7116.7    -2357.7    811.1    754.0   1848.8 2023 10 25  6 39 45.200  1.6   1
       88  39.245280   97.301123    17.501       18.3     -679.2     2439.6   1132.4    786.4   5447.1 2023 10 25  6 57 24.500  3.0   1
       89  39.256824   97.353735    12.198     4559.9      602.3    -2862.1   1643.2    895.6   2289.7 2023 10 25  7  5 33.700  1.3   1
       90  39.299646   97.349699    10.829     4210.1     5356.3    -4231.1   1587.3   1018.7   1910.0 2023 10 25  7 28 27.300  2.2   1
       92  39.307385   97.332926    20.757     2762.7     6215.4     5695.5    845.0    925.6   1888.1 2023 10 25  8 13 36.600  2.9   1
       94  39.209123   97.327140    11.242     2264.6    -4693.6    -3818.3   1084.7    874.4   1507.1 2023 10 25  9 57 42.400  1.9   1
       95  39.230912   97.369189    12.529     5894.2    -2274.5    -2531.9   1395.8   1199.9   2978.5 2023 10 25 10  4 21.800  1.9   1
       96  39.280908   97.327889    28.310     2328.2     3275.9    13248.1   1095.7    630.2    902.9 2023 10 25 10 14  0.200  2.6   1
       97  39.250936   97.371427     9.917     6087.2      -51.4    -5143.2   1302.1   1135.2   1743.5 2023 10 25 10 26 59.000  1.7   1
       98  39.248104   97.273185    20.325    -2393.3     -365.9     5263.9    509.0    928.7   1864.0 2023 10 25 12 47 23.200  1.9   1
       99  39.242501   97.284285     9.236    -1435.4     -988.1    -5824.8    729.0    686.1    987.7 2023 10 25 15 40 33.400  2.5   1
      100  39.251774   97.295923    11.329     -430.4       41.6    -3731.7    572.9    428.0    866.1 2023 10 25 17 31  4.400  2.2   1
      101  39.312191   97.293815    12.839     -612.1     6748.9    -2221.3   1443.7    814.8   1960.7 2023 10 25 18  2 29.300  1.5   1
      103  39.250342   97.325667     9.556     2137.1     -117.6    -5504.7    578.3    487.9    801.9 2023 10 25 18 14 57.700  1.8   1
      104  39.330070   97.296647    16.942     -367.8     8734.1     1881.7   1375.4   1322.8   3592.6 2023 10 25 18 34 15.700  2.1   1
      105  39.297091   97.295003    10.245     -510.1     5072.7    -4815.0    886.6    554.3    969.3 2023 10 25 19  2  1.300  1.4   1
      106  39.259001   97.301685     8.863       67.0      843.7    -6198.7    716.0    753.7    968.9 2023 10 25 19 16 19.600  1.5   1
      107  39.235555   97.360156    10.610     5114.6    -1759.0    -4451.1    870.9    693.4   1310.8 2023 10 25 19 21 59.900  1.3   1
      108  39.212923   97.306608     5.143      491.5    -4271.5    -9918.6   3525.6   2943.7   2828.9 2023 10 25 19 35  5.700  1.0   1
      109  39.187537   97.284928    10.122    -1380.5    -7090.1    -4938.3    433.5    409.0    721.7 2023 10 25 19 38 44.200  1.8   1
      110  39.237187   97.288037    11.279    -1111.1    -1577.9    -3782.7    567.5    633.9   1105.6 2023 10 25 19 58 31.900  2.3   1
      111  39.190092   97.321313    10.115     1762.1    -6806.6    -4946.5   1016.9    651.6   1045.0 2023 10 25 20 48 49.400  1.7   1
      112  39.265715   97.302531    10.646      139.9     1589.3    -4414.6    796.7    799.5   1288.8 2023 10 25 21  4 11.500  3.1   1
      113  39.242676   97.278320     9.937    -1950.5     -968.7    -5123.8    548.6    444.8    686.8 2023 10 25 21 46 10.000  3.4   1
      114  39.231376   97.318848     8.825     1548.7    -2223.2    -6235.3    693.8    657.9    947.1 2023 10 25 22 57  9.700  1.9   1
      115  39.298726   97.294621    21.663     -542.7     5254.1     6601.9    841.9    599.2   1338.7 2023 10 26  0 51 24.300  2.2   1
      116  39.188818   97.363672     8.684     5419.6    -6947.7    -6376.1   1443.0    761.3   1084.0 2023 10 26  1  1 45.300  2.0   1
      118  39.277946   97.304053    11.689      270.8     2947.1    -3371.2    456.7    503.0    731.0 2023 10 26  3  7 15.000  3.1   1
      119  39.255221   97.265780    16.936    -3032.6      424.2     1874.3   1688.3   1531.3   4533.2 2023 10 26  3 31  3.300  2.6   1
      120  39.289510   97.303670    26.128      238.2     4231.2    11067.0    810.8    741.0   1530.1 2023 10 26  3 48 24.900  2.7   1
      121  39.372355   97.318514     6.975     1518.2    13428.7    -8085.6   1884.3   1878.4  10859.9 2023 10 26  4 21 58.500  2.0   1
      122  39.177783   97.343970    10.553     3719.0    -8173.0    -4507.8   1179.7    818.9   1463.3 2023 10 26  4 37  0.700  0.9   1
      123  39.331531   97.222070    11.008    -6801.7     8896.0    -4052.3   1504.7   1566.9   3332.8 2023 10 26  7 51 49.600  2.0   1
      124  39.365194   97.280680    19.698    -1745.1    12633.5     4636.8    645.8   1010.1   1473.5 2023 10 26 14 25 23.200  1.9   1
      125  39.328194   97.268896    11.780    -2762.1     8525.8    -3281.0   1361.6   1662.0   2798.4 2023 10 26 15 41 50.400  1.9   1
      127  39.203752   97.332520    10.237     2729.2    -5290.1    -4823.4    986.4    786.2   1391.6 2023 10 27  1  9 57.100  2.0   1
      128  39.310571   97.237809     8.140    -5445.0     6569.0    -6920.2    998.7    992.2   1231.5 2023 10 27  5  3  3.800  3.6   1
      129  39.296379   97.323161     7.685     1919.6     4993.5    -7375.3   1456.6   1396.3   1469.7 2023 10 27  9  5 52.700  2.1   1
      130  39.257340   97.286230    23.216    -1267.3      659.7     8154.1    519.9    350.8   1045.7 2023 10 27 10 55 22.200  2.2   1
      132  39.186678   97.334481    26.042     2898.7    -7185.5    10980.8   1222.2    577.8   1066.3 2023 10 28  5 58 22.300  1.8   1
      134  39.244771   97.297599    20.195     -286.0     -735.9     5133.3    616.4    407.0    931.5 2023 10 28  6 32 11.600  3.0   1
      138  39.199320   97.327938     8.264     2334.0    -5781.6    -6797.2   1249.3    876.0   1010.4 2023 10 29  0 52 13.200  1.9   1
      139  39.198238   97.408333    12.407     9276.0    -5901.8    -2654.4   1176.7    845.2   1797.0 2023 10 29  2 12 35.600  1.3   1
      140  39.212146   97.281535    21.645    -1672.7    -4357.8     6583.9   1955.4   1700.3   3610.3 2023 10 29  6  7 20.500  1.7   1
      142  39.254073   97.302661    10.019      150.9      297.0    -5041.5    644.7    633.7    871.6 2023 10 29 17 16 40.000  3.5   1
      143  39.278357   97.314022    23.893     1131.4     2992.7     8831.4    555.6    410.0    939.3 2023 10 29 18 49 42.800  2.0   1
      144  39.227771   97.261287    10.520    -3421.0    -2623.2    -4540.2    623.5    521.8    887.9 2023 10 30  2  0 55.800  1.9   1
      145  39.300500   97.298299     9.052     -225.2     5451.4    -6008.7    994.8    932.0   1150.6 2023 10 30 13  8 43.900  1.8   1
      146  39.188826   97.325692     1.173     2139.9    -6946.9   -13888.4   1574.8   1244.7   1216.8 2023 10 30 20 12 54.500  1.9   1
      147  39.267485   97.281388     7.402    -1685.3     1785.5    -7659.3   1127.9    896.0    971.5 2023 10 30 23 34 47.100  1.5   1
      148  39.305688   97.243522    24.933    -4951.8     6027.0     9872.0    925.0    938.3   1351.5 2023 10 31  4 19 27.500  2.4   1
      149  39.175061   97.303060     1.471      185.4    -8475.4   -13590.9   1186.8   1235.3   1201.5 2023 10 31 23 44  8.300  1.9   1
      151  39.206860   97.282007    10.565    -1632.0    -4944.6    -4495.2    541.0    526.1    904.4 2023 11  1  1 53 24.000  1.9   1
      152  39.252205   97.336466    24.785     3069.0       89.3     9723.1   1058.3    648.0   1423.2 2023 11  1  6 35 15.300  2.3   1
      153  39.237984   97.295435    10.005     -472.5    -1489.6    -5055.6    537.7    604.7    910.5 2023 11  1 17  8 43.300  1.7   1
      154  39.272070   97.325187    10.670     2095.1     2295.0    -4391.7   1125.5    800.9   1453.4 2023 11  1 18 53  9.400  1.8   1
      155  39.278145   97.331445    23.551     2635.1     2969.5     8489.4    750.9    488.7    966.4 2023 11  1 23 28 25.100  2.5   1
      156  39.335779   97.311906    22.291      948.3     9367.7     7230.0   1296.7    715.9   1613.4 2023 11  2  1 42 55.500  2.1   1
      157  39.283097   97.269230    12.017    -2733.9     3519.0    -3043.0   1048.4    571.7    942.0 2023 11  2  9 42 18.600  2.2   1
      159  39.293258   97.275098    11.626    -2227.3     4647.0    -3434.4    735.2    472.4    806.4 2023 11  2 11 25 56.000  2.9   1
      160  39.215584   97.308952    26.376      693.9    -3976.2    11314.3    985.7   1182.9   2106.9 2023 11  3 10 25 44.300  2.1   1
      161  39.242334   97.277344     8.829    -2034.5    -1006.3    -6231.3    964.0    706.4    804.2 2023 11  4 14 49 44.600  3.3   1
      162  39.244548   97.280575    11.985    -1755.3     -760.9    -3075.6    463.9    493.9    995.5 2023 11  4 16  4  8.500  2.0   1
      163  39.273214   97.265592    20.062    -3048.2     2421.6     5000.8   1117.0   1403.4   3190.2 2023 11  5  4 59 54.600  3.7   1
      164  39.260514   97.269417    10.658    -2718.4     1011.8    -4402.8    359.2    355.9    577.6 2023 11  5  5  1 26.900  2.6   1
      165  39.362557   97.233382    11.680    -5824.2    12340.6    -3381.8   1192.4   1245.3   2529.0 2023 11  5  9 11 43.600  2.0   1
      166  39.182971   97.414941     9.519     9847.4    -7596.8    -5541.2   1329.3   1155.1   1659.9 2023 11  5 10 11  3.200  1.6   1
      167  39.237032   97.271566    27.568    -2533.5    -1595.2    12506.1   1029.4    796.6   1521.6 2023 11  5 13 10 47.500  2.0   1
      169  39.247034   97.310701    20.880      845.3     -484.6     5818.4    672.7    374.3    825.2 2023 11  8  8 50 10.400  2.2   1
      171  39.355330   97.261239    13.497    -3421.8    11538.5    -1563.8    947.3    952.7   9961.2 2023 11  9 21 30  8.700  1.7   1
      172  39.209867   97.293408    19.908     -647.9    -4610.8     4846.9    907.0    739.3   1963.9 2023 11 12 21 49 16.100  2.1   1
      174  39.359611   97.289095    25.614    -1019.0    12013.8    10552.6    763.5    515.6    797.4 2023 11 13  5 32 47.500  2.3   1
      179  39.229846   97.279069     8.289    -1886.0    -2393.0    -6771.1   1122.1    862.4   1112.2 2023 11 14 22 34 54.900  1.5   1
      180  39.323397   97.318359    27.058     1505.1     7993.3    11996.5    729.3    505.2    814.0 2023 11 15 15 54 10.900  2.6   1
      181  39.275960   97.291260     9.851     -833.1     2726.6    -5209.9    517.1    418.7   1053.1 2023 11 15 18  7 50.300  2.4   1
      182  39.205762   97.361141     9.188     5200.8    -5066.7    -5872.2    998.2    812.6   1334.0 2023 11 15 19 42 14.500  2.2   1
      183  39.365365   97.293571    27.205     -632.9    12652.4    12143.7    745.5    597.2    979.5 2023 11 16  6  6 14.700  2.0   1
      184  39.173954   97.365015     9.218     5536.3    -8598.0    -5842.3   1664.0    777.4   1280.3 2023 11 16 14 19 15.400  1.6   1
      186  39.184090   97.336922     8.064     3110.0    -7473.0    -6997.6   1287.6    850.6    977.1 2023 11 18  3 34  0.700  2.0   1
      188  39.331816   97.269279    21.278    -2728.8     8927.6     6216.8   1087.8   1164.6   2420.0 2023 11 19  0 31 57.900  2.5   1
      189  39.276164   97.303019    10.241      181.6     2749.2    -4819.1    919.3   1151.5   1165.4 2023 11 19 15  2 23.100  2.2   1
      190  39.318815   97.322990    26.142     1905.1     7484.7    11080.7    542.4    557.8   1033.6 2023 11 19 18 51 30.600  2.1   1
      191  39.307092   97.319149    23.245     1573.9     6183.1     8183.9    640.9    637.9   1202.9 2023 11 20  4 46  2.900  2.5   1
      192  39.180440   97.281413    18.774    -1683.9    -7877.7     3713.8   1014.4    666.3   7671.8 2023 11 21 17 22 55.500  1.5   1
      203  39.281555   97.303426     9.319      217.2     3348.0    -5741.9    998.3    728.0   1009.2 2023 11 26 20 56 46.900  2.4   1
      206  39.246134   97.290666    11.899     -884.8     -584.6    -3161.7    542.7    554.3   1376.7 2023 11 27 20 51 22.400  2.1   1
      207  39.282255   97.313216    20.075     1062.2     3425.5     5013.1    634.4   1053.8   1329.2 2023 12  1 12 28 14.600  2.6   1
      208  39.265295   97.278800    10.364    -1908.4     1542.9    -4696.4    770.0    965.6   1144.7 2023 12  1 14 55 55.500  5.3   1
      209  39.215434   97.295288     9.717     -485.4    -3993.1    -5343.2    895.6   1022.9    820.8 2023 12  1 15  4 48.700  3.7   1
      210  39.278780   97.316976    25.575     1386.2     3039.6    10513.2    531.6    557.9   1193.5 2023 12  1 15  8 30.100  3.0   1
      211  39.261235   97.264722    10.077    -3123.7     1092.0    -4983.9    554.8    716.0   1080.8 2023 12  1 15 17 53.400  1.9   1
      212  39.252222   97.303988    24.977      265.8       91.3     9915.7    556.9    250.2    483.4 2023 12  1 15 19 17.000  2.7   1
      213  39.172738   97.335954     8.427     3026.6    -8732.9    -6633.7   1635.3   1149.9   1489.1 2023 12  1 15 25 40.600  1.5   1
      214  39.286243   97.297583    28.875     -287.5     3868.2    13813.1    781.3    633.3    973.2 2023 12  1 15 28 58.000  2.2   1
      216  39.244739   97.275342     7.039    -2207.1     -739.5    -8021.5   1265.1   1035.0    865.6 2023 12  1 15 36 41.300  3.3   1
      217  39.340580   97.261629    10.592    -3388.5     9901.0    -4468.7   1661.0   1923.7   2878.8 2023 12  1 15 52  1.400  3.8   1
      218  39.205347   97.328646     7.474     2394.9    -5112.9    -7587.4    915.9    746.5    852.6 2023 12  1 15 57 21.000  1.4   1
      219  39.236613   97.299780     9.549      -97.8    -1641.8    -5511.2    485.0    569.5    630.8 2023 12  1 15 58 41.600  2.2   1
      220  39.175667   97.324276    19.216     2017.7    -8408.1     4154.7   3351.5   2866.9   7488.0 2023 12  1 16  2 25.600  1.6   1
      221  39.249886   97.275521    22.356    -2191.8     -168.1     7294.5    390.0    410.5    858.1 2023 12  1 16  7 15.600  3.5   1
      222  39.228499   97.277718    29.869    -2002.1    -2542.3    14807.4    970.4   1189.2   2003.7 2023 12  1 16  8 47.200  3.6   1
      223  39.203145   97.286141    23.149    -1275.1    -5357.0     8087.4   2076.1   1785.2   3418.7 2023 12  1 16 11 55.900  2.0   1
      224  39.311434   97.291715    12.474     -793.7     6665.1    -2586.9    972.5    647.0   1463.1 2023 12  1 16 12 52.500  2.2   1
      225  39.249495   97.294336    26.046     -567.7     -211.3    10984.3    679.8    316.7    807.3 2023 12  1 16 29 27.900  2.2   1
      226  39.234823   97.296436    19.016     -386.5    -1840.6     3954.5    682.1    460.3   1165.9 2023 12  1 16 31 53.400  2.9   1
      227  39.248035   97.295345    11.489     -480.6     -373.5    -3571.1    580.7    485.2    789.6 2023 12  1 16 38 23.100  1.7   1
      228  39.171399   97.270150    25.333    -2656.6    -8881.5    10271.1   1242.3   1515.8   3100.1 2023 12  1 16 53 56.900  1.4   1
      231  39.276465   97.287565     9.633    -1152.2     2782.7    -5427.3    907.9   1186.6   1149.4 2023 12  1 17 17  2.700  2.0   1
      233  39.290580   97.266309     8.458    -2986.1     4350.0    -6602.2   1225.0    827.3   1002.8 2023 12  1 18  0 55.500  1.4   1
      234  39.228870   97.259001    10.134    -3618.2    -2501.2    -4926.1    640.8    599.3    976.6 2023 12  1 18  5 32.900  1.4   1
      235  39.215002   97.283464    11.047    -1506.7    -4040.6    -4013.8    549.6    468.8    812.2 2023 12  1 18  8  4.400  1.6   1
      236  39.231376   97.242578    25.582    -5035.9    -2222.9    10521.0    784.6    710.2   1197.8 2023 12  1 18 11 48.700  1.8   1
      237  39.304390   97.314307    23.350     1156.0     5882.9     8289.0    493.2    537.8   1363.2 2023 12  1 18 14 16.700  2.6   1
      238  39.177677   97.292505    10.445     -726.4    -8184.7    -4615.4    740.1    597.3    866.5 2023 12  1 18 18 42.800  1.2   1
      239  39.236381   97.242765    10.606    -5019.9    -1667.5    -4454.0    776.9    705.8   1101.7 2023 12  1 18 24 42.000  1.6   1
      240  39.186332   97.295850    22.314     -437.5    -7223.8     7252.9   1199.2    578.9   1215.6 2023 12  1 18 27 32.800  1.2   1
      241  39.154175   97.327775     6.703     2320.4   -10793.8    -8358.6   2289.9   1604.4   1659.7 2023 12  1 18 29 33.300  2.0   1
      242  39.234416   97.268335     7.998    -2812.0    -1885.4    -7062.6   1521.3   1135.3   1260.6 2023 12  1 18 41 53.500  1.6   1
      243  39.226864   97.265763    11.184    -3034.4    -2723.8    -3876.6    907.6    830.1   1400.5 2023 12  1 18 48 24.000  2.7   1
      244  39.247888   97.326400    10.452     2200.0     -389.8    -4608.7    540.8    474.4    845.2 2023 12  1 18 57 51.200  1.7   1
      245  39.225240   97.289469     9.784     -987.9    -2904.2    -5276.1    670.1    601.4    926.8 2023 12  1 19  6 17.900  1.6   1
      246  39.166703   97.394832    10.266     8111.8    -9403.2    -4794.8   1323.6    912.0   1557.6 2023 12  1 19 24 19.400  1.5   1
      247  39.247229   97.292187    33.297     -752.8     -463.2    18235.1   1197.4   1147.4   1843.0 2023 12  1 19 27 31.300  2.0   1
      248  39.191870   97.299691     9.865     -105.1    -6609.0    -5195.0    524.0    421.0    648.3 2023 12  1 19 28 37.600  2.0   1
      249  39.193811   97.301432    11.294       44.9    -6393.3    -3766.8    742.0    481.1    954.4 2023 12  1 19 30  0.400  1.8   1
      250  39.256555   97.283105     5.498    -1536.8      572.2    -9563.0   1181.5    918.7    879.4 2023 12  1 19 43 42.200  1.6   1
      251  39.257975   97.239103    12.056    -5334.8      730.1    -3005.1    554.1    526.5   1278.8 2023 12  1 20  3 53.300  1.7   1
      252  39.229187   97.273926     9.734    -2330.0    -2466.1    -5327.0   1241.5    853.5   1401.3 2023 12  1 20  6 36.400  1.5   1
      253  39.299585   97.276742    27.616    -2085.7     5349.5    12554.9    548.7    391.9    640.1 2023 12  1 20 30  7.600  2.6   1
      254  39.286304   97.299601    21.913     -113.1     3874.9     6851.2   1186.5    845.0   1583.8 2023 12  1 20 56  5.200  1.2   1
      255  39.179240   97.390544    11.741     7741.1    -8011.1    -3320.7   1090.4    845.7   1767.5 2023 12  1 22  5 54.400  1.3   1
      256  39.210636   97.311434    11.356      908.9    -4525.4    -3704.9    726.0    570.1   1162.1 2023 12  1 22 35 37.200  1.4   1
      258  39.231283   97.394727    11.517     8099.0    -2233.2    -3544.0   1263.1   1056.7   2121.4 2023 12  1 23  4 48.600  1.2   1
      259  39.172884   97.280859    10.712    -1731.6    -8716.9    -4348.6    686.5    518.9    892.6 2023 12  1 23 13 56.100  1.4   1
      260  39.284814   97.276164    10.058    -2135.7     3709.9    -5002.2    634.6    502.7    804.6 2023 12  1 23 24 57.200  1.5   1
      262  39.242729   97.310807     2.963      854.2     -962.7   -12098.3   1027.1   1134.2    956.0 2023 12  2  0 44 44.700  1.9   1
      263  39.240129   97.304956    19.665      349.3    -1251.3     4603.2    782.5    863.1   1893.4 2023 12  2  0 55 44.100  2.4   1
      264  39.239445   97.295549     8.609     -463.0    -1327.4    -6451.2    594.2    701.7    668.1 2023 12  2  0 59 26.900  2.5   1
      266  39.380949   97.272526     9.247    -2448.1    14382.5    -5813.5   1556.1   1655.0   2647.1 2023 12  2  1  8 22.300  1.7   1
      267  39.263232   97.308195    10.863      628.6     1313.7    -4197.5    854.1    517.1    820.0 2023 12  2  1 26 41.400  2.0   1
      268  39.260030   97.384399    11.063     7206.3      958.1    -3997.7   1490.8   1325.4   2206.3 2023 12  2  2 54 28.900  1.5   1
      269  39.157788   97.309497     1.709      741.9   -10392.7   -13352.2   1221.3   1365.4   1330.1 2023 12  2  3  9  0.200  1.6   1
      272  39.276363   97.298698    12.025     -190.8     2771.5    -3035.8   1036.9    622.1   1067.5 2023 12  2  4 55 41.100  2.4   1
      276  39.215877   97.353158     6.224     4511.2    -3943.9    -8837.3   2238.3   1246.8   1225.2 2023 12  2 10 25  6.400  1.7   1
      277  39.246248   97.289909     5.690     -949.7     -572.0    -9371.3   1210.4    924.1    771.1 2023 12  2 16 45 52.400  2.8   1
      278  39.228495   97.292977    30.446     -684.9    -2542.9    15385.0    969.3   1188.0   1918.2 2023 12  2 22 35 50.700  2.2   1
      280  39.178829   97.297925    11.391     -258.1    -8056.9    -3670.7    595.0    561.0   1185.1 2023 12  3  8  5 21.000  1.6   1
      281  39.194918   97.266943    12.388    -2933.3    -6270.7    -2673.9    982.2    837.5   2012.8 2023 12  3 15 10  8.200  2.5   1
      282  39.251506   97.283105    22.252    -1536.9       11.6     7190.6    427.7    401.1    779.8 2023 12  4  0 44 22.600  2.1   1
      283  39.188652   97.282137     9.883    -1621.0    -6966.2    -5177.2    819.3    478.9    845.0 2023 12  4  3 26 41.700  2.6   1
      284  39.201778   97.262142    10.264    -3348.0    -5508.9    -4796.9    746.8    642.6   1109.9 2023 12  4 13 46 33.500  1.8   1
      285  39.237443   97.285734     8.586    -1310.3    -1549.3    -6475.0   1025.0    847.2    811.2 2023 12  5  2 43 53.200  2.6   1
      286  39.199190   97.357292     8.661     4868.3    -5796.4    -6399.6   1049.9    793.8    827.1 2023 12  5  7 54 56.300  2.4   1
      287  39.338957   97.280339    25.554    -1774.9     9720.7    10492.5    737.7    646.3   1419.8 2023 12  6  3 38 47.500  1.6   1
      288  39.238184   97.287524     8.622    -1155.5    -1467.2    -6439.8    809.5    679.5    853.7 2023 12  6 13 24 13.300  1.6   1
      290  39.156604   97.330127     9.006     2523.3   -10524.5    -6054.2   1409.7   1304.0   2073.3 2023 12  7 12 28 34.600  1.6   1
      292  39.240059   97.324284     2.325     2017.6    -1258.8   -12736.3   1068.4   1228.7   1154.7 2023 12  9  2 19 11.300  2.4   1
      294  39.300342   97.304622    14.322      319.9     5433.4     -738.1    825.2    785.5   3051.3 2023 12  9 22 43 44.000  2.2   1
      296  39.272127   97.279362     6.444    -1859.7     2301.0    -8617.1   1378.5   1065.9   1041.4 2023 12 12  8 55 43.700  1.7   1
      297  39.281852   97.290470    27.422     -900.9     3380.9    12360.3    465.8    319.7    768.2 2023 12 13  8 18 57.600  3.3   1
      298  39.239648   97.364355     8.781     5476.6    -1304.8    -6279.9   1527.7    709.1   1174.0 2023 12 13 18 49  1.300  2.2   1
      300  39.277771   97.286499    24.743    -1244.1     2927.9     9681.1    464.5    374.5    727.8 2023 12 16  7 28  0.500  2.5   1
      301  39.266951   97.273006    23.148    -2408.5     1726.7     8086.9    344.9    696.0   1029.2 2023 12 17  0 42 33.300  2.5   1
      303  39.276225   97.277197    11.559    -2046.3     2756.0    -3501.1    419.6    592.7    793.8 2023 12 17 15  5 19.100  2.7   1
      304  39.271472   97.271842    26.061    -2509.0     2228.6    10999.2    565.6    470.1    813.5 2023 12 17 19 56 43.300  2.4   1
      305  39.198779   97.304671    11.704      324.5    -5841.7    -3356.6    624.9    566.7   1082.3 2023 12 18  6  2 32.600  3.2   1
      306  39.214913   97.247217    17.625    -4636.3    -4050.7     2563.7   1397.8   1239.3   3006.5 2023 12 18  6 46 48.100  2.3   1
      307  39.234855   97.280745    10.093    -1740.8    -1836.8    -4967.9    647.8    578.6    907.7 2023 12 19 13 36 49.200  2.2   1
      308  39.224162   97.318986     2.242     1560.7    -3024.1   -12819.3   1174.4    993.9    857.9 2023 12 21 21 36 19.300  1.9   1
      309  39.293412   97.264250    22.816    -3164.0     4664.3     7754.4    644.9    693.2   1408.5 2023 12 22  9  8  6.200  2.2   1
      310  39.166435   97.310897    11.761      862.2    -9432.9    -3300.0    731.0    576.4   1198.0 2023 12 22 23  5 17.300  1.6   1
      312  39.254065   97.271330    11.115    -2553.1      296.0    -3945.0    665.5    453.9    889.4 2023 12 27  9 40 17.500  2.2   1
      314  39.330119   97.265894    22.163    -3021.1     8739.3     7101.7   1126.1   1187.6   2328.0 2023 12 27 14 25 44.600  2.3   1
      318  39.241402   97.338078     8.839     3208.7    -1110.1    -6221.5   1256.9    669.0   1109.1 2023 12 31 18 29 58.500  0.8   1
      320  39.223914   97.315511     9.781     1260.2    -3051.4    -5280.7   1023.7    641.6   1116.9 2024  1  4  3 26 22.800  1.7   1
      321  39.278792   97.313997    27.626     1129.6     3040.9    12564.2    972.9    857.7   1513.1 2024  1  4  3 27 32.600  2.6   1
      324  39.306295   97.280347    11.151    -1774.3     6094.6    -3909.1    682.1    722.1   1060.0 2024  1  4 15 27 42.400  2.0   1
      327  39.234269   97.264250    11.489    -3164.9    -1901.8    -3571.8    497.1    495.0   1091.3 2024  1  6  4 52 16.900  2.2   1
      329  39.172770   97.275130    10.077    -2227.0    -8729.5    -4983.9    576.2    391.1    700.3 2024  1  7  3 25 17.800  1.3   1
      331  39.248706   97.247811    12.267    -4583.6     -299.0    -2793.3    702.8    663.2   1537.0 2024  1  7 15  8  4.900  2.2   1
      332  39.326587   97.330257    24.846     2531.5     8347.2     9784.1   1481.4    885.3   1280.0 2024  1  7 18 30  4.400  2.0   1
      334  39.252519   97.268148    11.816    -2828.1      124.0    -3244.3    435.2    386.7    752.2 2024  1  7 19 52 44.400  2.7   1
      335  39.203438   97.290031     1.657     -939.5    -5324.6   -13404.0   1328.7   1061.3   1182.3 2024  1  7 20 12 49.900  1.8   1
      336  39.158691   97.366553    17.632     5669.5   -10292.7     2570.2   3431.1   2824.9   8731.7 2024  1  7 20 30  7.500  1.6   1
      337  39.202747   97.286662    10.689    -1230.2    -5401.4    -4372.7   1084.5    606.5   1007.1 2024  1  7 20 31 31.800  1.7   1
      338  39.212882   97.281437     6.934    -1681.4    -4276.1    -8128.0   1812.0   1419.1   1431.2 2024  1  7 20 42 13.300  3.3   1
      339  39.252299   97.303451     7.625      219.3      100.0    -7436.4   1038.5    759.2   1045.2 2024  1  7 20 45 58.500  2.0   1
      340  39.280709   97.274202    26.862    -2304.8     3254.1    11800.1    401.8    306.7    601.1 2024  1  7 21  9 42.300  2.3   1
      341  39.186259   97.280884    10.069    -1729.8    -7232.0    -4992.0    490.4    407.4    712.0 2024  1  8  0  6 37.400  1.8   1
      344  39.345841   97.321167    24.146     1747.1    10484.9     9084.6    987.4    730.1    988.2 2024  1  8 19 31 12.300  1.5   1
      345  39.240987   97.266813    10.617    -2943.4    -1156.1    -4444.0    909.4    693.2   1217.0 2024  1  8 19 52 46.100  2.0   1
      346  39.236035   97.289266    25.466    -1005.2    -1705.7    10404.3    958.4    495.2    788.6 2024  1  9  3 18 51.100  2.7   1
      349  39.275663   97.275293     2.625    -2210.8     2693.6   -12436.6   1715.3   1446.3   1333.9 2024  1 10 19 13 31.700  2.0   1
      350  39.348014   97.266829    12.709    -2940.1    10726.0    -2351.7    994.3   1006.9   6855.1 2024  1 11 16 21 59.000  1.6   1
      354  39.300374   97.262280    11.652    -3333.4     5437.1    -3409.3    870.3    715.2   1658.7 2024  1 15 15 51 26.500  2.3   1
      356  39.256087   97.231950     9.868    -5952.2      520.4    -5192.8    716.7    830.5   1119.7 2024  1 16 20  5 58.900  2.3   1
      359  39.221094   97.276611    11.898    -2098.3    -3364.8    -3162.4    647.0    561.0   1060.5 2024  1 18  1 36 47.600  1.3   1
      363  39.242562   97.282552    11.482    -1585.0     -981.3    -3578.3    442.6    342.8    692.5 2024  1 19 20 57 48.200  2.0   1
      364  39.292936   97.291154    11.776     -842.0     4611.5    -3284.1    590.5    562.0   1072.8 2024  1 19 23 11  8.200  1.7   1
      365  39.247542   97.299886     9.066      -88.3     -428.4    -5994.7    473.2    647.3    683.1 2024  1 20 18 32  3.200  2.3   1
      368  39.286300   97.279248     9.942    -1869.8     3874.4    -5118.2    751.8    758.9   1012.8 2024  1 22 14 23 54.900  3.7   1
      369  39.179968   97.316138    11.497     1315.0    -7930.1    -3564.3    877.3    621.1   1291.2 2024  1 22 14 29 20.900  1.8   1
      370  39.285710   97.282682     9.930    -1573.1     3809.2    -5130.6   1155.3   1398.3   1471.0 2024  1 22 14 37 26.100  2.6   1
      371  39.289636   97.281502    24.909    -1674.8     4245.1     9847.6    999.7    756.1   1612.2 2024  1 22 14 40 21.700  2.5   1
      373  39.197188   97.296069    10.838     -417.9    -6018.6    -4223.5   1600.4   1402.4   5773.7 2024  1 23 13  2 12.300  1.4   1
      374  39.258386   97.266317     6.676    -2986.3      775.7    -8384.3    921.8    885.3    858.8 2024  1 23 17  7 38.400  1.5   1
      376  39.367513   97.244222    12.581    -4889.3    12891.1    -2479.2   1165.9   1226.2   2827.9 2024  1 25 19 37 47.900  1.8   1
